[ 0.15441598  0.11226185  1.67664411]
[ 0.45211613  0.23911282  1.41549618]
[ 0.13582027 -0.17919143  1.82690807]
[ 0.25720219 -0.10543861  1.52467277]
[ 0.09820588 -0.2433988   1.61868975]
[ 0.11960219  0.0417588   1.37161619]
[ 0.1755621  -0.33613737  1.45151169]
[ 0.1050706  -0.07353353  1.26157516]
[ 0.20619378  0.21809606  1.59233867]
[ 0.05631932 -0.10384313  1.30767286]
[ 0.07557818 -0.28282918  1.25890766]
[-0.35156408 -0.2023304   1.67311099]
[-0.10790356 -0.05247044  1.46596058]
[ 0.18080469 -0.21540741  1.67459769]
[ 0.11973718 -0.07813858  1.7884813 ]
[-0.11122441 -0.04875558  1.37035993]
[ 0.45074411 -0.20969195  1.4300353 ]
[ 0.18502179 -0.31578844  1.48850319]
[ 0.10725897  0.29208879  1.59212885]
[ 0.43654332  0.20309485  1.4678607 ]
[-0.06574869 -0.30533971  1.67075356]
[ 0.1090163   0.04525838  1.57899631]
[ 0.4494295  -0.20656672  1.40309412]
[ 0.22450956 -0.1632926   1.50205024]
[ 0.34723378 -0.13536569  1.36538793]
[-0.13943232  0.23867945  1.25426551]
[ 0.157732   -0.30290583  1.65545698]
[-0.22770909 -0.0238843   1.73779544]
[-0.15676634  0.11092116  1.65123305]
[ 0.03792004  0.17296198  1.54933547]
[ 0.11597991  0.25620444  1.68424373]
[-0.34955235  0.22059597  1.70626656]
[ 0.11003741 -0.02346327  1.6640607 ]
[-0.00885818  0.11255212  1.54155304]
[ 0.09381872 -0.06608441  1.45594041]
[-0.08565401  0.08339043  1.71387519]
[ 0.08120979  0.16738223  1.82921758]
[-0.23383571  0.09904453  1.58339671]
[-0.04829635 -0.10215405  1.76068759]
[ 0.13555748  0.02899734  1.87111378]
[-0.28188105  0.18298313  1.68854933]
[ 0.08576424  0.17975637  1.58861116]
[ 0.30239861  0.0815954   1.57047916]
[-0.24815044  0.12840231  1.68921688]
[ 0.15919833  0.03525775  1.54873934]
[-0.46277882  0.01948427  1.52865265]
[ 0.41777157 -0.19191015  1.64937934]
[ 0.0342645   0.29487233  1.74974774]
[ 0.14732503  0.23825288  1.33219087]
[ 0.1124923   0.10944137  1.72408283]
[ 0.07895999  0.08484901  1.50479626]
[-0.27682979  0.11829225  1.42684884]
[ 0.02204636  0.30844809  1.63337571]
[-0.05378863  0.16457056  1.42144315]
[-0.47004931 -0.00615605  1.60618673]
[ 0.1657206   0.00896874  1.6731441 ]
[-0.07901495  0.12556634  1.45536128]
[ 0.32729516 -0.02645208  1.55135448]
[-0.20554971 -0.10415286  1.83067689]
[ 0.21270062  0.13172499  1.63368144]
[ 0.11705277  0.02995709  1.35589098]
[-0.10749234 -0.05551016  1.33364793]
[-0.10275922  0.07024276  1.42449896]
[-0.31638698  0.04456493  1.5095232 ]
[-0.07645022  0.13098301  1.60817769]
[ 0.15023233 -0.01327424  1.64823502]
[ 0.28023288  0.1570642   1.60212017]
[-0.05336837  0.08903514  1.28253879]
[-0.44233705  0.19968915  1.34958912]
[ 0.13426609 -0.06865371  1.42354378]
[-0.10994718 -0.53055805  1.33298815]
[-0.38448504 -0.14650237  1.55742534]
[ 0.05360645  0.10370597  1.24362537]
[-0.1324277   0.31728025  1.58412688]
[-0.00292968 -0.36869649  1.73676348]
[-0.07146683  0.32361487  1.26652063]
[ 0.14422884 -0.09259253  1.3318992 ]
[ 0.0862265   0.16646022  1.50206527]
[ 0.1140718  -0.07192366  1.73902643]
[-0.33331482 -0.09985626  1.47941152]
[-0.21277623  0.10762292  1.22650798]
[ 0.05377921 -0.13925968  1.7215777 ]
[ 0.14790398  0.27303447  1.66306417]
[-0.06576485  0.09117024  1.53597137]
[ 0.08794386  0.41647199  1.62812301]
[ 0.06081559 -0.14881108  1.57471742]
[-0.36379152 -0.03391258  1.38644313]
[-0.28463407  0.24067469  1.71858871]
[ 0.05936513  0.09546917  1.56209786]
[-0.14145273 -0.21502716  1.64380516]
[-0.0554806  -0.18679692  1.54839371]
[ 0.11845332 -0.05657439  1.58851339]
[-0.25253782 -0.23815895  1.52668683]
[-0.15113289  0.00589719  1.41818691]
[ 0.07368772  0.16600369  1.1872556 ]
[-0.26250168  0.05603901  1.55721046]
[ 0.1958471  -0.16174936  1.26954513]
[ 0.06447513 -0.13748347  1.58330818]
[-0.30134629 -0.39108129  1.30845767]
[ 0.06487293 -0.10924845  1.41874793]
[ 0.06208205  0.29978289  1.57431806]
[ 0.21741206  0.41587673  1.55449135]
[-0.30652195 -0.10527234  1.6186287 ]
[-0.07353931  0.10375954  1.23926381]
[-0.07502051  0.14140478  1.58467393]
[ 0.24033098  0.40653402  1.56031198]
[-0.06052097  0.1724371   1.82292469]
[ 0.05934254 -0.23888689  1.63406972]
[-0.05684106  0.18007689  1.56884053]
[ 0.10351609 -0.05156286  1.65291789]
[ 0.34913636 -0.00742485  1.63420381]
[ 0.19444704 -0.29546612  1.55801803]
[ 0.04370398  0.10547104  1.51451742]
[ 0.06822724  0.22291161  1.44341494]
[ 0.00976081 -0.1391987   1.3478147 ]
[-0.04104847 -0.19302304  1.61968302]
[-0.09088866  0.22019253  1.59649723]
[ 0.20053674 -0.06482909  1.38809033]
[-0.10638701  0.32863797  1.58031867]
[-0.35897203  0.08455414  1.23336926]
[ 0.04343582 -0.11955967  1.61288616]
[ 0.20215845  0.18148527  1.58812364]
[ 0.08081739 -0.0785045   1.47662519]
[-0.28108481 -0.23792627  1.28558837]
[ 0.29533223  0.33322535  1.62671216]
[-0.08796724 -0.07163545  1.45635825]
[-0.06618441  0.1090741   1.74004998]
[ 0.1932651  -0.15194357  1.28601238]
[ 0.19508933 -0.148346    1.32531744]
[-0.25982229  0.04218602  1.16585828]
[-0.13040704 -0.07706531  1.79766384]
[-0.02309124 -0.39554498  1.42709754]
[ 0.44364586  0.19727685  1.52972104]
[-0.00766768 -0.14372647  1.42400083]
[ 0.07031281  0.29688519  1.38180943]
[-0.33696746  0.19310336  1.39369705]
[-0.14569446  0.20672186  1.18095062]
[ 0.16507914 -0.04848089  1.27566012]
[ 0.08792582 -0.12763011  1.6406669 ]
[-0.21966414 -0.10762219  1.83944345]
[-0.07308821  0.11734945  1.67005975]
[-0.0699269  -0.17401149  1.32826547]
[-0.04702421 -0.11916009  1.45549887]
[-0.37277605 -0.23161346  1.29849291]
[ 0.07677481 -0.15737306  1.63782875]
[-0.29185453  0.35088272  1.3728766 ]
[-0.11957353 -0.08819408  1.81235138]
[-0.26551473 -0.06024007  1.5274354 ]
[-0.22825822  0.09088884  1.70166674]
[ 0.09085478 -0.07399122  1.49098703]
[-0.05522828 -0.27515386  1.65159001]
[ 0.06778883 -0.14399799  1.47486326]
[ 0.34540112 -0.10793754  1.62238873]
[ 0.00633926 -0.24003027  1.47144955]
[-0.12761274 -0.06059627  1.63462145]
[ 0.30624251  0.19157755  1.70355336]
[ 0.24314031 -0.12693531  1.49852863]
[-0.05154436 -0.28638694  1.50531974]
[-0.21827721  0.27203363  1.52811002]
[-0.09306809  0.0646088   1.51542909]
[ 0.22023106 -0.04346884  1.3383434 ]
[-0.11422692  0.26197865  1.50094614]
[ 0.14810433 -0.15770665  1.36135854]
[-0.254647    0.18835024  1.43707246]
[-0.29594538  0.01566269  1.79978573]
[ 0.23827533 -0.20152977  1.72039546]
[ 0.07450287 -0.1002435   1.57783777]
[ 0.28485097 -0.13258174  1.50537385]
[-0.07059491  0.20433699  1.36857199]
[ 0.1134286   0.09671272  1.6244757 ]
[-0.17805167  0.07871344  1.57003901]
[-0.1244079   0.0385916   1.21122089]
[-0.05594221 -0.14267993  1.08320028]
[ 0.07063277  0.03541848  1.18112017]
[ 0.15721669 -0.35806175  1.58288278]
[-0.2055508  -0.10910313  1.72695879]
[ 0.02805513  0.19787142  1.35896201]
[-0.01441087  0.2300248   1.40001511]
[ 0.11767579  0.07059618  1.33632187]
[-0.06902626 -0.08859769  1.25340957]
[-0.21925325  0.16755031  1.75844327]
[ 0.19108295 -0.14830885  1.64470061]
[ 0.14325975 -0.08972048  1.24824719]
[-0.44430047  0.1336748   1.41809419]
[-0.020892   -0.2375599   1.58171946]
[-0.1728261  -0.21300622  1.30411809]
[-0.13690106 -0.12720423  1.29866597]
[-0.15447731  0.21037845  1.36090796]
[-0.02608665 -0.10976334  1.7750193 ]
[-0.10332872  0.20701318  1.21735003]
[ 0.03587029  0.11191981  1.51186055]
[ 0.17830286 -0.12996046  1.39191246]
[ 0.01916062 -0.11828415  1.43234559]
[ 0.04985982  0.15387091  1.30114484]
[ 0.1285735  -0.0433873   1.70318109]
[-0.23128105 -0.25969129  1.36398025]
[ 0.33254205  0.31903706  1.22389391]
[-0.18129333 -0.2816346   1.53033327]
[-0.14301423  0.23726906  1.42142795]
[ 0.03175784  0.28002993  1.14961954]
[ 0.10994263  0.10229675  1.71946097]
[-0.19875094  0.00714309  1.12056601]
[-0.03794736 -0.28538643  1.23663757]
[-0.04689514 -0.14078301  1.74342754]
[-0.05863886 -0.1264019   1.43592255]
[-0.01493388 -0.11720542  1.54503712]
[ 0.11280199  0.00749231  1.4026461 ]
[-0.13693161  0.10685793  1.19297843]
[-0.10819599 -0.03060308  1.39503889]
[-0.12923001  0.04515913  1.20579208]
[ 0.07653715 -0.15562705  1.6344648 ]
[ 0.50113106  0.06030636  1.44311728]
[-0.1035968  -0.04336353  1.52682891]
[-0.22543345 -0.1736988   1.11468232]
[ 0.13138062 -0.0134438   1.75603251]
[-0.13816205 -0.25627464  1.42434074]
[ 0.17910587  0.14048707  1.66140868]
[ 0.22290401  0.14732915  1.11742299]
[-0.41839757  0.10830978  1.63180024]
[ 0.25125589 -0.21784467  1.70796303]
[-0.43492744 -0.07321183  1.35314095]
[ 0.03897438  0.04697239  1.27271339]
[-0.0843399   0.13352078  1.3294041 ]
[ 0.09573102  0.05916057  1.55900977]
[-0.05606249  0.12296517  1.31311801]
[ 0.28670703 -0.04125832  1.51915818]
[ 0.17718705  0.35351223  1.31416344]
[-0.11319802  0.15689155  1.43789098]
[-0.02572503 -0.05501094  1.09149088]
[-0.18706505  0.27449439  1.54056637]
[ 0.24165538 -0.05840036  1.55771755]
[ 0.19202567 -0.42875227  1.49899363]
[-0.14253483  0.25302297  1.36564626]
[ 0.14149886 -0.02840381  1.65845619]
[-0.39530705 -0.21390555  1.36476808]
[-0.37619766 -0.21171713  1.46194911]
[-0.09134159  0.08307642  1.46209328]
[ 0.10013483 -0.06094347  1.50514685]
[ 0.33456642  0.19882332  1.20030535]
[ 0.07755565  0.08652272  1.73787671]
[-0.06784943  0.10024615  1.44473838]
[ 0.18407835  0.0658559   1.52942445]
[-0.36407317 -0.19306679  1.44126326]
[ 0.13820764 -0.00428553  1.75564242]
[-0.08477398  0.47004224  1.26015316]
[-0.20668039  0.08899017  1.36906164]
[ 0.02239451  0.11671498  1.51472957]
[-0.18585678  0.32843202  1.45246145]
[-0.00662001  0.18376976  1.61408525]
[-0.00164267  0.11266927  1.50849661]
[ 0.10071973 -0.09485261  1.40343987]
[-0.22886426  0.13225519  1.4571613 ]
[-0.19947488 -0.26075323  1.40564157]
[ 0.15574538  0.33671833  1.2507766 ]
[ 0.0134948   0.1497607   1.29184496]
[ 0.04017326 -0.11971633  1.64417425]
[ 0.08920323 -0.3956238   1.52295778]
[ 0.06930041  0.11364533  1.45375714]
[-0.02941445 -0.17019761  1.52298129]
[-0.38888507  0.05772673  1.72382471]
[ 0.27308265 -0.00555814  1.79662755]
[-0.05820375  0.1438538   1.65158246]
[-0.12979641  0.46634848  1.60428217]
[ 0.09797219 -0.11921587  1.63733756]
[-0.17098098 -0.17048178  1.28655748]
[ 0.15019465  0.02511353  1.16905163]
[ 0.08273288 -0.07643267  1.75760006]
[-0.24125987  0.10313427  1.55060297]
[ -1.29211683e-01  -1.24702668e-04   1.70531988e+00]
[-0.24903233 -0.24441197  1.54129599]
[-0.3510478   0.11021368  1.51770732]
[-0.24732086  0.23390392  1.77872897]
[ 0.29394521 -0.04913406  1.67423332]
[ 0.23836195 -0.11889926  1.81309523]
[-0.15156574 -0.47805329  1.57950797]
[-0.05809389 -0.266176    1.6555946 ]
[-0.17941056 -0.14533978  1.35236849]
[-0.1065541  -0.14926497  1.70935086]
[-0.34694291  0.04430788  1.7667078 ]
[-0.06133007  0.09928276  1.27940576]
[-0.14254969 -0.06140194  1.38134295]
[-0.10627335  0.05839494  1.38307796]
[-0.16722691 -0.14499531  1.35293055]
[ 0.27756046  0.01508956  1.75511971]
[ 0.10915018 -0.2315404   1.76704774]
[-0.02416644 -0.13292206  1.38961091]
[-0.10572147  0.12334288  1.69963725]
[-0.04224401  0.13993257  1.38048719]
[ 0.10230442  0.09338622  1.48641976]
[-0.03116137 -0.11963443  1.24309926]
[ 0.20441694 -0.24657286  1.11318981]
[-0.02867462  0.17505587  1.30667488]
[ 0.04366047 -0.31858982  1.53658291]
[ 0.36468146 -0.245061    1.6731248 ]
[-0.31453148  0.10688337  1.61312016]
[ 0.06457138  0.16442468  1.31426519]
[ 0.10906846  0.18470519  1.48984325]
[ 0.01350613  0.11155441  1.40883523]
[ 0.05177132  0.10044437  1.73071946]
[ 0.01125897  0.14302068  1.54294288]
[-0.14913378  0.05939121  1.5456825 ]
[-0.11700375 -0.20623595  1.76978468]
[-0.39525136 -0.20748216  1.28232178]
[ 0.17391478  0.31194231  1.44966184]
[-0.12492794 -0.05648886  1.55574489]
[ 0.08416359 -0.07455052  1.49591877]
[ 0.23138483  0.28422925  1.43085468]
[-0.12417949  0.12882955  1.66419255]
[ 0.0254232   0.11219019  1.81800934]
[-0.10746    -0.07049912  1.58669916]
[-0.03125631  0.17602117  1.56738955]
[-0.04239987  0.12312823  1.7256535 ]
[ 0.11582487  0.07367645  1.48448855]
[-0.18413449  0.10920976  1.36376661]
[-0.23862403  0.1122831   1.29502083]
[ 0.11325625  0.20321447  1.64448542]
[ 0.1095191  -0.11669127  1.82338807]
[ 0.17359569 -0.19918329  1.42774289]
[-0.43036717  0.23421542  1.36787535]
[ 0.42151034  0.13086668  1.53874189]
[-0.08093047  0.07897508  1.35411706]
[ 0.2170094  -0.33633978  1.36235262]
[ 0.15659672  0.24295809  1.75950303]
[-0.18650425 -0.08292298  1.69502801]
[-0.1733552   0.02955836  1.27589568]
[-0.18759796  0.50432006  1.30068954]
[-0.07720171 -0.09388055  1.42336666]
[-0.10427192 -0.18914172  1.75615694]
[-0.14625325  0.08128475  1.40184214]
[ 0.41686117 -0.08535969  1.30649046]
[ 0.10768777  0.03758109  1.65117118]
[-0.26307403  0.08973981  1.54792673]
[-0.1157271  -0.01936736  1.69486012]
[ 0.15428692  0.19771265  1.53044217]
[-0.05399293  0.37873922  1.5014148 ]
[ 0.10407053  0.04858358  1.4729391 ]
[-0.20581823 -0.198033    1.51800506]
[ 0.15616002 -0.07075648  1.76026887]
[-0.4370244  -0.11953686  1.19169869]
[-0.52603292  0.08046185  1.46526899]
[ 0.30179975 -0.21367706  1.54368824]
[-0.19657566 -0.20822128  1.69333712]
[ 0.10312621  0.09553069  1.85579346]
[ 0.07025047 -0.11145754  1.5017392 ]
[ 0.07040249 -0.12551801  1.29162006]
[-0.22610553  0.31212557  1.25135947]
[ 0.16967972  0.13524068  1.12752978]
[-0.39138005  0.18474518  1.61252268]
[ 0.27371469  0.23546459  1.56916879]
[ 0.10998856 -0.02891697  1.60902913]
[ 0.1864603   0.14100486  1.63775389]
[-0.11758415 -0.00643081  1.29899522]
[ 0.18859636  0.45552653  1.3076457 ]
[-0.2591594   0.16621762  1.54877176]
[-0.11487319 -0.04813736  1.31518849]
[ 0.20510704 -0.0496052   1.40364059]
[ 0.36653883  0.244029    1.38797103]
[ 0.29521867  0.06126147  1.47848955]
[-0.19853728  0.33545296  1.45448332]
[-0.03828934  0.12540291  1.47697783]
[-0.03864866  0.34219897  1.6525659 ]
[-0.17104046  0.03862954  1.76591286]
[-0.12046237 -0.0031385   1.32913014]
[ 0.25006429  0.1649473   1.71004729]
[-0.04382062  0.10408587  1.43012579]
[-0.04200986  0.346676    1.62544014]
[-0.14498747 -0.05377753  1.32618828]
[-0.10756168  0.46287582  1.32014443]
[ 0.38604097 -0.33858324  1.26536155]
[-0.10426887  0.04228691  1.80678351]
[-0.0385529  -0.1289622   1.37612708]
[-0.32287865 -0.01439776  1.59303488]
[-0.04853505 -0.1174762   1.54705765]
[-0.14577746  0.13709408  1.67522615]
[ 0.25247389 -0.22922998  1.40291853]
[-0.04792147 -0.10227964  1.42266799]
[ 0.13542585 -0.0762386   1.37069219]
[-0.03739815 -0.19345827  1.79611007]
[-0.397266    0.078034    1.46673668]
[ 0.04579978 -0.37127358  1.32336525]
[ 0.2048372  -0.15518458  1.71242329]
[ 0.10018285 -0.05201961  1.60464027]
[-0.01843942 -0.49616841  1.36363872]
[ 0.08401492 -0.08195299  1.47736254]
[ 0.00917158 -0.11337155  1.55442901]
[-0.35432599  0.25860002  1.67042809]
[-0.18616653 -0.02193614  1.44312878]
[ 0.10527353 -0.48772169  1.48933509]
[-0.00999778  0.15462818  1.66629302]
[ 0.10699299 -0.12637199  1.34427494]
[ 0.11432217 -0.01931777  1.4240942 ]
[-0.07617333  0.08507533  1.87653584]
[ 0.14584098 -0.05784673  1.50104048]
[-0.0694377  -0.0884849   1.78858664]
[-0.10365976  0.06424472  1.71238103]
[ 0.0840396  -0.11466219  1.35937594]
[ 0.02965748 -0.11023681  1.77706367]
[-0.19574795 -0.1253624   1.28282378]
[-0.13365322  0.01257551  1.44405642]
[ 0.00561963 -0.23623011  1.73611773]
[ 0.34802502 -0.34855724  1.46132182]
[-0.02891349 -0.11326112  1.78389772]
[-0.26067159 -0.20320241  1.53261693]
[ 0.0781503   0.25602969  1.78053058]
[-0.04154856  0.13311333  1.38680028]
[ 0.01675589 -0.12731716  1.43839347]
[ 0.11753412  0.0306382   1.38320531]
[-0.05524089 -0.09827226  1.69107337]
[ 0.10789537 -0.20738083  1.62884561]
[-0.43889896  0.05290188  1.40763147]
[ 0.13826091  0.3280367   1.34906475]
[ 0.37594757 -0.04754696  1.58010727]
[-0.12802652 -0.19215576  1.53462707]
[ 0.19534695 -0.44496635  1.29558578]
[-0.32081491 -0.41891099  1.41102912]
[ 0.17345512 -0.05945905  1.60409461]
[-0.10775092  0.10786691  1.50385067]
[-0.05779839  0.15270584  1.71960644]
[-0.29089955 -0.00193112  1.42780601]
[ 0.31868087  0.05134657  1.77305308]
[-0.11450578  0.04284175  1.75943704]
[-0.10851717 -0.04698313  1.30478786]
[-0.28399533 -0.2654344   1.70191994]
[-0.12125308 -0.16249552  1.45459775]
[ 0.24894899 -0.12055049  1.38721588]
[ 0.10702016  0.41789274  1.16776074]
[ 0.28233441  0.36386473  1.29076595]
[-0.03507026  0.17014833  1.36468254]
[-0.2602538   0.16721068  1.33556722]
[-0.10212796  0.24048035  1.40742126]
[ 0.03850348  0.13812592  1.76240394]
[ 0.34003282  0.05388089  1.33326633]
[ 0.05888836 -0.14843088  1.39942202]
[ 0.05347926  0.23357414  1.71124559]
[ 0.06281307  0.17564901  1.62657615]
[-0.26659038  0.04735776  1.20321896]
[ 0.19070195 -0.05916486  1.17197357]
[ 0.13650345 -0.26792829  1.42342796]
[-0.18329854 -0.07869822  1.76791073]
[ 0.03354256  0.37742978  1.15303967]
[ 0.11725606  0.0815025   1.30292656]
[-0.09035859  0.41017017  1.64924785]
[-0.05697151 -0.09680514  1.81779638]
[ 0.35438169  0.31080536  1.47940649]
[ 0.23796949  0.30991741  1.36639804]
[-0.02737579  0.13186265  1.4460779 ]
[-0.07263615 -0.09833475  1.43105416]
[ -1.24841231e-01   1.42811852e-03   1.45721572e+00]
[ 0.1412296  -0.1270014   1.44051613]
[-0.15471041  0.22018138  1.79939545]
[-0.14048108  0.33386601  1.52435609]
[-0.11353718 -0.02537783  1.61486118]
[-0.31933095 -0.12688759  1.28991901]
[ 0.39103205 -0.05940249  1.49078647]
[ 0.04083374 -0.13474925  1.48973512]
[-0.04011525 -0.27676413  1.66918873]
[-0.00522318 -0.19826354  1.36743752]
[-0.04772158  0.11555402  1.48405538]
[-0.36494385  0.18053064  1.71621026]
[ 0.33620158  0.13434635  1.63094015]
[ 0.08349368 -0.07825663  1.85148093]
[ 0.38377176 -0.24643374  1.35781168]
[-0.16297405  0.25374104  1.29329136]
[ -5.00137338e-04  -1.44722854e-01   1.37412872e+00]
[-0.06483963  0.21555531  1.53666252]
[-0.06883394 -0.25643581  1.42328439]
[ 0.10886291  0.2170526   1.74032202]
[ 0.29992337  0.11237199  1.78547029]
[ 0.14391967 -0.01239639  1.26905583]
[-0.09311476  0.20100874  1.39846269]
[ 0.00280811 -0.11818332  1.8283948 ]
[-0.10013678  0.23276512  1.24154569]
[-0.08294183 -0.07587267  1.33002411]
[-0.0474514  -0.19815172  1.73220666]
[-0.34344503  0.14735467  1.52806118]
[ 0.06742423  0.20411905  1.61876226]
[ 0.0147462   0.15996304  1.4199692 ]
[-0.43353206  0.1630259   1.55980504]
[ 0.14977529  0.31378875  1.20539786]
[ 0.33430509 -0.10067493  1.14914019]
[-0.11449562  0.13313921  1.29213102]
[ 0.46574682  0.05505224  1.49286093]
[ 0.17717983 -0.04326673  1.65412615]
[-0.12162657 -0.05552841  1.44783342]
[-0.09616377 -0.12426346  1.38410136]
[ 0.23473879 -0.0986804   1.59160883]
[-0.01042586  0.12581083  1.32312506]
[ 0.30472944 -0.21270614  1.60310663]
[ 0.07992103  0.11560934  1.43802624]
[-0.08661653 -0.0975332   1.79806012]
[ 0.13220513 -0.09804438  1.79331863]
[-0.12046536 -0.24332491  1.17220619]
[-0.19121614  0.06795046  1.56550837]
[-0.11052908  0.10237186  1.78598217]
[-0.25271048 -0.03425808  1.5236928 ]
[-0.01918882  0.20265639  1.42453195]
[-0.05723191  0.17043983  1.64982682]
[ 0.05945839  0.11345314  1.45639119]
[ 0.11918296  0.17591447  1.22497218]
[ 0.01816127  0.11422088  1.36484158]
[ 0.11905928 -0.01307482  1.55014345]
[ 0.11755615 -0.01386631  1.41098114]
[-0.12945519  0.10040018  1.42701694]
[-0.1558437  -0.26703206  1.44565676]
[-0.18480064 -0.08737248  1.41666454]
[-0.0670698   0.11213961  1.5032184 ]
[-0.12286411 -0.28522523  1.68634467]
[-0.10659737  0.24589644  1.23975548]
[-0.02930723  0.21949715  1.5506296 ]
[ 0.03146662  0.10847543  1.44370073]
[-0.30948816  0.04801815  1.129315  ]
[ 0.07797467 -0.08390714  1.6695417 ]
[ 0.14420569  0.11578633  1.21140813]
[-0.33910523 -0.02276879  1.11956914]
[ 0.0934962  -0.07951809  1.56601114]
[-0.1623315  -0.35192955  1.30624264]
[ 0.1137063   0.1607195   1.56867414]
[ 0.11719292 -0.35163823  1.65691557]
[ 0.09435643 -0.07313592  1.45486584]
[ 0.37033747 -0.20807296  1.39025589]
[ 0.31578592 -0.16231481  1.75256079]
[ 0.16686563  0.0044092   1.78969054]
[ 0.22849041 -0.03495888  1.64404893]
[-0.01597568  0.11319799  1.67720698]
[-0.17336126 -0.18028047  1.49153208]
[-0.11386521  0.12765437  1.41845489]
[-0.19361881 -0.25845156  1.24398831]
[-0.07919885  0.07960501  1.47699932]
[-0.16770715  0.14366391  1.48243032]
[ 0.07032396 -0.24328524  1.34517443]
[ 0.09302403 -0.1208948   1.45534065]
[-0.08611951  0.07868343  1.31441611]
[ 0.11709279 -0.0018109   1.51935994]
[ 0.01068241  0.19923492  1.29949487]
[-0.38025021  0.02768933  1.67654103]
[ 0.11176939 -0.05215281  1.43323749]
[-0.23975368 -0.26108576  1.45889897]
[ 0.00798395 -0.13682081  1.25999919]
[ 0.09193092 -0.07943012  1.35489464]
[ 0.18363296 -0.15967406  1.59328594]
[ -1.58185137e-01  -2.96356689e-04   1.71921523e+00]
[ 0.11811318 -0.04021569  1.49058479]
[ 0.04090798  0.17029831  1.73932735]
[ 0.0591406   0.18041683  1.4091371 ]
[ 0.18067529 -0.07765392  1.51788649]
[-0.08707448  0.3346561   1.46049344]
[-0.1076469   0.03352852  1.75405199]
[-0.46764287 -0.22631319  1.44133741]
[ 0.15415214 -0.50127878  1.49991839]
[ 0.08019564  0.1628227   1.6935553 ]
[-0.26019477 -0.30400128  1.43121508]
[-0.11090379  0.19394681  1.78709544]
[ 0.05568056  0.09910875  1.45267454]
[ 0.03363669  0.11603815  1.43309691]
[-0.15411321  0.00906036  1.83948058]
[-0.27594094 -0.31647936  1.3238382 ]
[-0.15158038  0.09356467  1.42926654]
[ 0.11003316  0.02657221  1.60753216]
[-0.09065348  0.26763944  1.54384162]
[-0.0039111   0.13402122  1.70865385]
[-0.26611923 -0.41432714  1.37315629]
[-0.10672764  0.13541123  1.70212991]
[-0.12596025 -0.03580795  1.33344554]
[-0.39714222  0.03917876  1.56743523]
[ 0.53649158  0.01357397  1.45156081]
[ 0.05343799 -0.47574897  1.58131397]
[-0.05939067 -0.46477605  1.5909003 ]
[ 0.19372167  0.2551564   1.19393687]
[-0.14030249  0.03950845  1.39787245]
[ 0.31582761 -0.35160997  1.60526059]
[-0.0128279   0.11636782  1.45034302]
[-0.04436735  0.14781605  1.4550105 ]
[-0.41845392 -0.04823114  1.2895957 ]
[ -4.03119999e-04   1.23534418e-01   1.43435489e+00]
[-0.20936914  0.08469512  1.61025183]
[ 0.17643781 -0.04958627  1.80187852]
[-0.15237993 -0.20168878  1.60208807]
[-0.19426693  0.08673147  1.46506371]
[-0.11263572 -0.06061772  1.29363805]
[ 0.51046466  0.09612377  1.46108482]
[-0.16500097 -0.13844302  1.65024035]
[-0.13155465  0.03488346  1.28921926]
[-0.12995888  0.42340862  1.67308221]
[ 0.19529795 -0.02775997  1.73811248]
[ 0.22169358  0.14716777  1.59293513]
[ 0.04861446  0.10120106  1.68419308]
[-0.20202225  0.10846954  1.79980745]
[ 0.31417632 -0.02417107  1.54425216]
[ 0.51090158  0.0469891   1.52352983]
[ 0.09990928 -0.20581209  1.58091162]
[-0.0242066  -0.12249973  1.46132059]
[ 0.3005475  -0.16552723  1.57493983]
[ 0.05406447  0.09557192  1.21935397]
[-0.10757598  0.05029859  1.66906226]
[-0.10898715 -0.09028055  1.38222926]
[ 0.13339625  0.00945613  1.67872338]
[ 0.09054717  0.08260709  1.56939294]
[ 0.10941932 -0.05319248  1.77065787]
[-0.14315334  0.18140451  1.22963725]
[-0.15352849  0.05674416  1.49351871]
[ 0.0181956  -0.13588711  1.42397593]
[ 0.1843246  -0.09646225  1.53689848]
[-0.1354209  -0.30137463  1.44550991]
[ -4.87887991e-04   1.13591126e-01   1.25789338e+00]
[-0.03290356 -0.29291223  1.65052308]
[ 0.26764392  0.21291809  1.59099536]
[-0.10417305 -0.10995096  1.48987298]
[-0.14107847  0.17739354  1.65607447]
[ 0.04584024 -0.13978694  1.52851737]
[ 0.23654998  0.40849331  1.45062017]
[ 0.12232679  0.23360361  1.75991319]
[ 0.26048069 -0.13734018  1.72033566]
[-0.0412069  -0.26767482  1.62441385]
[-0.21399235 -0.13287625  1.46882226]
[ 0.20632308  0.08673385  1.58096255]
[ 0.10083297  0.05338186  1.42341385]
[ 0.1233427  -0.06771287  1.57697423]
[-0.13285294 -0.09921243  1.3544502 ]
[-0.11299129  0.21526724  1.83390784]
[ 0.16967952 -0.40181113  1.49348639]
[ 0.27023579  0.03041156  1.78003327]
[ 0.03985709  0.48148938  1.34951775]
[ 0.01438629  0.19909199  1.68125313]
[-0.17306641 -0.17863581  1.76938054]
[-0.07406168  0.08645812  1.36091232]
[-0.07742218 -0.17089069  1.55544364]
[-0.18387694  0.3790662   1.36071514]
[-0.29834265 -0.08542044  1.25482766]
[-0.14815941 -0.00530423  1.31662563]
[ 0.01392786 -0.11326585  1.46667364]
[-0.25841972  0.3737106   1.3446993 ]
[-0.25579497 -0.12405982  1.64424044]
[ 0.12298008 -0.28568424  1.10751156]
[ 0.19275245 -0.14557547  1.59315829]
[ 0.13634477  0.36376211  1.30163181]
[-0.08586659 -0.07524071  1.59931994]
[ 0.0216201   0.15651341  1.37825184]
[-0.29428618  0.01571291  1.34231861]
[ 0.15313273  0.0133402   1.31346632]
[ 0.28049619 -0.17576775  1.37067839]
[-0.03249049 -0.17561034  1.67669228]
[-0.11194389 -0.03422346  1.36931903]
[ 0.35382622  0.05084615  1.16190215]
[ 0.16802447 -0.33520317  1.47075615]
[ 0.41275482 -0.03877285  1.35836511]
[ 0.25614171 -0.17823734  1.36522982]
[-0.2332299   0.10203151  1.67826933]
[-0.05631124 -0.10102082  1.45496769]
[-0.43418281  0.10930643  1.32416458]
[-0.0257127   0.14047581  1.82617504]
[ 0.05344993 -0.27069634  1.47377459]
[ 0.0399315   0.28358391  1.60069892]
[-0.15846582 -0.04410309  1.37793427]
[-0.14385188  0.15991016  1.61999144]
[ 0.34517549 -0.14798489  1.28246537]
[ 0.01621985 -0.17590408  1.8263063 ]
[-0.31921159 -0.07098248  1.62670348]
[-0.1445584   0.06343066  1.62705371]
[-0.09803236  0.16038506  1.54565985]
[-0.10928247 -0.05447138  1.62135492]
[-0.09311488 -0.07072432  1.49759939]
[ 0.07113848  0.12039889  1.29557201]
[ 0.11797267  0.00231768  1.44071339]
[-0.39181071 -0.21335736  1.48382005]
[-0.05475418  0.14576945  1.40545194]
[ 0.00203859  0.23587709  1.58510412]
[-0.27366426  0.3249373   1.68966508]
[-0.14863234  0.17501479  1.75895413]
[-0.01157247  0.22933414  1.46317167]
[ 0.0030183  -0.20218076  1.32026965]
[-0.37750889  0.00851924  1.61731242]
[ 0.22599123  0.41532781  1.40475934]
[-0.17909376 -0.21379016  1.57707924]
[ 0.15731918 -0.11895239  1.59275624]
[ 0.12615408  0.1087017   1.60196515]
[-0.21532791 -0.14024881  1.63215074]
[-0.1795165   0.16910021  1.81931914]
[ 0.00488673 -0.11939111  1.35210282]
[-0.00853354 -0.21170395  1.38725383]
[-0.52788969  0.0286156   1.4236129 ]
[-0.12384512 -0.0670956   1.51851568]
[-0.10848706  0.07783809  1.80174718]
[ 0.08961112 -0.08616925  1.4585257 ]
[ 0.2585134  -0.12089527  1.22810658]
[-0.08524682 -0.07299369  1.25198899]
[-0.4105655   0.09562275  1.43401966]
[-0.02414583 -0.32753294  1.09738845]
[ 0.13172454  0.08733745  1.53541156]
[ 0.10532184  0.05785847  1.48045144]
[ 0.097718    0.08950699  1.84657253]
[-0.13970236  0.12841827  1.61276543]
[-0.09025432  0.067752    1.64095885]
[-0.13706708 -0.12569368  1.24941911]
[ 0.23769628  0.30967908  1.17303752]
[-0.18556843  0.08769536  1.56598087]
[ 0.05525489  0.09794765  1.28137429]
[-0.16188267 -0.11591397  1.34977583]
[ 0.15283032 -0.0968433   1.451246  ]
[ 0.14118864 -0.38960545  1.65389727]
[ 0.05236145 -0.10225233  1.46829724]
[ 0.03173046  0.11157034  1.45153848]
[-0.21120154 -0.13196358  1.80402721]
[ 0.13439702  0.27529562  1.63795607]
[ 0.09910691 -0.09188509  1.79959594]
[-0.0379539   0.1078381   1.48161796]
[-0.11823291 -0.16442099  1.65368581]
[-0.11423077 -0.3136948   1.09395523]
[-0.13650703  0.13721648  1.3195728 ]
[ 0.13579675  0.01538192  1.41823606]
[ 0.06104123 -0.15102642  1.66482439]
[-0.01523901 -0.13775378  1.77143912]
[-0.3055854  -0.15858514  1.54408912]
[-0.02663473 -0.1117232   1.68298121]
[-0.13017652  0.13404708  1.7129956 ]
[ 0.08746605 -0.10499813  1.72928363]
[ 0.03396377 -0.12524189  1.42459907]
[-0.1825734   0.35186918  1.34807723]
[ 0.12756093 -0.10596986  1.47921258]
[ 0.08710481 -0.12881444  1.59998551]
[ 0.06614157  0.11709079  1.70015866]
[-0.05547103 -0.20948471  1.78080368]
[-0.29401209 -0.0451843   1.41728441]
[ 0.30004407 -0.08407021  1.48489437]
[ 0.04241783  0.38076048  1.48934894]
[ 0.02581801 -0.30578889  1.54636086]
[-0.02702658  0.27231101  1.58946076]
[ 0.07363595  0.08637986  1.29230444]
[ 0.30098125  0.24796392  1.23087629]
[ 0.37558058  0.07953647  1.22020583]
[-0.02476524  0.14120856  1.74778267]
[ 0.00578585  0.11744696  1.75417741]
[-0.09637842 -0.289711    1.69587012]
[ 0.08675738 -0.3792485   1.60085989]
[-0.12243703 -0.03445733  1.54573482]
[-0.28078216  0.13846513  1.66698391]
[-0.33620337  0.11802244  1.5441763 ]
[-0.22872064 -0.07295694  1.21326729]
[-0.27625715 -0.28938664  1.62092875]
[ 0.09927427  0.05663089  1.41034453]
[ 0.28152747 -0.09616103  1.60932601]
[ 0.19209218 -0.00480877  1.47017986]
[ 0.08725819  0.28975     1.21375112]
[-0.22475331 -0.06911593  1.6599096 ]
[-0.0708667  -0.1941777   1.78888642]
[-0.34137083  0.0715395   1.58954849]
[-0.0084773  -0.1837658   1.39842422]
[ 0.09221306 -0.32560054  1.519892  ]
[-0.21895563 -0.18743954  1.47156082]
[ 0.14570734  0.02334556  1.4376882 ]
[ 0.39588572  0.19753574  1.44595814]
[ 0.13318734  0.00850125  1.19577802]
[-0.27585533  0.32036314  1.63201186]
[ 0.12963196 -0.13123075  1.5067105 ]
[ 0.20412527 -0.09888417  1.45772398]
[-0.25724668 -0.27743464  1.44680548]
[ 0.06227583  0.25563688  1.62446782]
[ 0.20160736  0.35819661  1.18776878]
[-0.12611859 -0.00807175  1.72051549]
[ 0.02928235  0.23558987  1.5895625 ]
[ 0.34948916 -0.23413447  1.65871138]
[-0.05053143  0.11763265  1.61308313]
[-0.03180838 -0.15828967  1.75990195]
[-0.30237274 -0.00619123  1.31846007]
[ 0.11146331  0.18970463  1.3218313 ]
[ 0.17671982  0.012305    1.8052956 ]
[-0.24762705  0.08806991  1.51762022]
[-0.06450183  0.11002125  1.358471  ]
[-0.26215493  0.05430042  1.30965156]
[ 0.33293744  0.31196232  1.24700729]
[ 0.11612283  0.12548526  1.43773915]
[ 0.20157     0.13110132  1.56039865]
[ 0.07421245  0.27811498  1.59868712]
[ 0.26725756  0.12251068  1.37551705]
[ 0.08298569 -0.12656067  1.69785536]
[-0.02345248  0.10998367  1.60677528]
[-0.01486026  0.11344981  1.28999218]
[-0.30292584  0.13671344  1.52400255]
[-0.22637816  0.18653918  1.69467853]
[ 0.0801788   0.49782674  1.41998535]
[ 0.20006699 -0.01543819  1.71235061]
[ 0.05475405  0.20838172  1.2332499 ]
[-0.0488807   0.13928283  1.30865763]
[-0.15764558  0.01535602  1.46026831]
[-0.01723539  0.11662516  1.47777468]
[-0.45055483 -0.0927116   1.51915808]
[ 0.10752755 -0.11154136  1.31324392]
[ 0.0232542   0.17665001  1.19675111]
[-0.42244241 -0.04310545  1.28771999]
[-0.3965661   0.09461659  1.55722149]
[ 0.24130568 -0.37895613  1.33296541]
[-0.10171582 -0.23426642  1.49188348]
[ 0.09485693  0.44901033  1.37610627]
[-0.03639683  0.11675947  1.33129785]
[ 0.11882643 -0.14200399  1.4067778 ]
[  2.34315987e-01   1.71185446e-03   1.81841197e+00]
[-0.09457499 -0.30669461  1.50982503]
[ 0.11659452 -0.01241988  1.63779609]
[ 0.03593602 -0.10823826  1.34304097]
[ 0.28355054 -0.16952297  1.34038268]
[-0.33593024 -0.12264845  1.22401546]
[ 0.06074151  0.28894994  1.17269356]
[-0.05040162 -0.10826133  1.70628426]
[-0.02946966  0.14107236  1.79503619]
[-0.14500966 -0.1897804   1.37044502]
[-0.12146504  0.00879926  1.30601416]
[-0.06349604 -0.15160133  1.71855789]
[ 0.07069307  0.10867613  1.40270357]
[-0.12814558  0.09861609  1.75975813]
[ 0.11521651 -0.01495189  1.63874132]
[ 0.29005962  0.25373564  1.64798861]
[-0.15668182 -0.01372301  1.58993655]
[-0.16952214  0.00265969  1.79804109]
[-0.12377829 -0.02964014  1.83172926]
[ 0.04683776 -0.28179558  1.72665004]
[ 0.09702149  0.06286866  1.5361996 ]
[-0.10957106  0.04463671  1.3000156 ]
[ 0.23689901 -0.39920725  1.48052523]
[ 0.18488716  0.00377127  1.84849377]
[-0.16829073  0.06322456  1.77789575]
[ 0.08264487 -0.18389465  1.41069005]
[-0.08540449  0.30378211  1.71709254]
[-0.44419579  0.00518654  1.28361564]
[-0.23274384  0.26225916  1.44640749]
[ 0.09641203 -0.08856892  1.66146994]
[-0.05644046  0.20399224  1.70385964]
[-0.03190241 -0.10821192  1.57013724]
[ 0.12557308 -0.18383534  1.68666536]
[ 0.01311064 -0.33455114  1.63884187]
[-0.03837852 -0.11523729  1.87681194]
[ 0.10105806 -0.06656129  1.55925482]
[ 0.25929132 -0.04596257  1.40297024]
[ 0.11471599 -0.03261724  1.65434963]
[ 0.33873696  0.22873828  1.68458825]
[-0.11104834 -0.1658189   1.59028381]
[-0.00765825  0.13689299  1.34573887]
[ 0.21739533 -0.13705122  1.5567955 ]
[-0.13735504  0.11578014  1.69084685]
[ 0.01980992  0.12619861  1.45546636]
[-0.05497269  0.16647644  1.75825974]
[ 0.12917228  0.16140271  1.33243443]
[ 0.00643897 -0.12474341  1.39063932]
[-0.05128693  0.17167064  1.72001361]
[-0.08966043 -0.14080716  1.55139732]
[ 0.02746433  0.10993687  1.45573601]
[-0.10669948  0.17995727  1.66080959]
[ 0.306621   -0.30656555  1.14650838]
[-0.35298389 -0.10835007  1.50595238]
[ 0.14248941 -0.13408907  1.53264062]
[-0.3473188   0.09486     1.66163541]
[-0.06812359 -0.10213037  1.53169636]
[-0.01261108  0.12859638  1.64435096]
[ 0.11085756  0.02769594  1.28147751]
[ 0.20004923 -0.06224269  1.73305167]
[ 0.1045488   0.04423441  1.46889549]
[-0.00234776 -0.17030853  1.16180783]
[ 0.16851642  0.26187317  1.28193012]
[-0.06381924 -0.21052987  1.32261897]
[-0.11342633  0.06977129  1.67846713]
[ 0.09321897  0.06289103  1.68690815]
[ 0.08537431  0.35136431  1.23484504]
[ 0.09927773 -0.07095734  1.74084718]
[-0.24396909 -0.21010845  1.56657586]
[ 0.03636445 -0.15051645  1.41409064]
[ 0.049004   -0.12556146  1.72965106]
[-0.17170595 -0.12751553  1.66891302]
[ 0.09873783 -0.06133641  1.38769567]
[ 0.10152337  0.04825543  1.44170488]
[ 0.12244617  0.07402259  1.42819322]
[-0.10550171 -0.52035101  1.25053958]
[ 0.06450776 -0.38527797  1.32538736]
[ 0.15149032  0.11683681  1.68867573]
[ 0.14947721  0.30257807  1.09475572]
[ 0.02769432  0.11878397  1.45789192]
[-0.04239828 -0.16558791  1.33105382]
[ 0.23596952 -0.11311107  1.25342047]
[ 0.16471051  0.34826346  1.6433715 ]
[-0.01793025  0.13505301  1.61759358]
[-0.14730405  0.12438353  1.66501406]
[ 0.21275576  0.09702512  1.1111253 ]
[ 0.07349875  0.08554909  1.83435606]
[ 0.10854869  0.03000284  1.27686293]
[-0.05522662 -0.24756828  1.58216854]
[ 0.42296147  0.06575363  1.39502407]
[-0.23085616  0.20064522  1.57875716]
[ 0.40084146  0.02242931  1.22837299]
[-0.11700896  0.00475955  1.41830232]
[-0.32192316  0.31729677  1.61959759]
[ 0.00379075 -0.20747239  1.61422171]
[ 0.10331859 -0.04481163  1.68993838]
[-0.37424084  0.04996648  1.70397404]
[-0.36267127 -0.15853263  1.58021629]
[ 0.08294813 -0.08674701  1.87779693]
[-0.05434882 -0.12673274  1.33166823]
[-0.06643818  0.09051643  1.64014041]
[ 0.00417916  0.11573692  1.30514331]
[-0.00574341 -0.11426744  1.22432725]
[-0.1549139   0.30025072  1.23697906]
[-0.13790158  0.39672456  1.25366348]
[ 0.27488044 -0.35951687  1.47014669]
[ 0.28815186 -0.19652319  1.64116307]
[-0.20337164  0.00649678  1.45523365]
[-0.03164269 -0.19286032  1.78975012]
[ 0.08628992 -0.07366869  1.44107375]
[ 0.00221411  0.11321961  1.45861604]
[ 0.12534253 -0.23252622  1.27052923]
[-0.10036869 -0.05213626  1.59163742]
[ 0.19115328 -0.08278193  1.52457551]
[-0.20912911 -0.04499721  1.29014451]
[ 0.01233248  0.11373066  1.5272791 ]
[-0.01965547 -0.20744259  1.6771457 ]
[ 0.10751585 -0.07890785  1.62263899]
[ 0.18128603 -0.19760794  1.67934508]
[-0.29454191  0.16921706  1.63279462]
[ 0.09762326 -0.15552179  1.11784339]
[ 0.06681109  0.15505072  1.41851092]
[ 0.30384541 -0.03676157  1.64259199]
[ 0.08256481  0.13676535  1.29198039]
[ 0.05646113  0.10866935  1.74400715]
[ 0.11336462 -0.0152467   1.79280174]
[ 0.12477667  0.00988853  1.69344217]
[ 0.20684874  0.00337295  1.83163582]
[-0.11207233 -0.10505453  1.62975517]
[ 0.05851499 -0.11123837  1.73303523]
[ 0.03694653  0.37669845  1.66127467]
[ 0.23026015  0.12165659  1.46088478]
[ 0.06173594  0.40555439  1.16903918]
[ 0.03604436 -0.10644791  1.38666555]
[-0.04287479  0.25501162  1.65568076]
[-0.11515835 -0.01904017  1.35656844]
[ 0.25334307 -0.1613697   1.74923871]
[ 0.13490582  0.07692439  1.79517334]
[-0.44706791  0.17608526  1.5702188 ]
[-0.22797825  0.00233862  1.25157113]
[-0.37959757 -0.16441335  1.53219282]
[ 0.24243861  0.11754113  1.41369086]
[ 0.13370982 -0.02425795  1.56925268]
[-0.16384463 -0.00358919  1.29447867]
[-0.01965097 -0.11109329  1.29842299]
[-0.21958137 -0.23960337  1.37409363]
[ 0.0610815  -0.10574452  1.45560235]
[-0.19988403  0.32586639  1.38166283]
[-0.1931001   0.12744226  1.2929987 ]
[-0.13036    -0.02685054  1.38654937]
[-0.08549424 -0.2812607   1.71410073]
[-0.39271254 -0.30189366  1.50497887]
[-0.13920142  0.00360556  1.29114413]
[-0.04755898  0.10218233  1.84248907]
[ 0.21589421 -0.23496659  1.57137905]
[-0.08470939  0.40994662  1.14233145]
[ 0.10872665 -0.06654741  1.61097398]
[ 0.22248536 -0.14240445  1.39885068]
[-0.23358834  0.31193697  1.35498575]
[ 0.14744659 -0.05819379  1.69135535]
[-0.138815    0.1025586   1.50021208]
[ 0.05219493 -0.1546287   1.34170877]
[ 0.05571802 -0.14043327  1.42587127]
[-0.20878985  0.11672114  1.27953689]
[ 0.29469151 -0.24296244  1.61639458]
[-0.11029005 -0.02698589  1.54402708]
[ 0.01113496  0.19219561  1.49162797]
[-0.18977877 -0.00817826  1.18779701]
[ 0.25468851 -0.09816418  1.57299873]
[ 0.01154807 -0.27304174  1.67001479]
[-0.09863826 -0.45568354  1.55975272]
[ 0.36678997  0.00827832  1.3117548 ]
[-0.12836077 -0.14122513  1.24658972]
[-0.29642642 -0.08494207  1.27535671]
[-0.07211451 -0.13806692  1.24472353]
[-0.08290524  0.11885804  1.38789778]
[ 0.04193525 -0.10832568  1.29131868]
[-0.15422116 -0.04381366  1.77029126]
[-0.04637566 -0.12540381  1.79702604]
[-0.00533575 -0.11221035  1.69339298]
[-0.0667993   0.09483291  1.62148422]
[-0.08359469 -0.07504093  1.56253174]
[-0.21863091  0.19032655  1.19969226]
[-0.20281338  0.0282705   1.58854183]
[-0.10491587  0.10153195  1.57588839]
[-0.11435661  0.01999224  1.87611559]
[-0.05921891  0.24919798  1.40733529]
[ 0.03797646 -0.20614153  1.56193527]
[-0.02955315  0.11765047  1.72666203]
[-0.31362943  0.07989382  1.78267648]
[-0.1631894  -0.12336464  1.64278511]
[-0.41405812 -0.01173885  1.63323307]
[-0.29048886 -0.07529669  1.51172169]
[-0.10161542 -0.0777775   1.44467799]
[-0.11216086 -0.03007916  1.34671964]
[ 0.12603782 -0.12589352  1.68816953]
[-0.17469264  0.21405655  1.71161676]
[-0.2823669   0.01474874  1.60715419]
[-0.2825154  -0.33803743  1.67452106]
[-0.0340524   0.29842755  1.62802044]
[-0.13012545  0.07355145  1.80038471]
[-0.23310065  0.05681129  1.68526472]
[-0.17089955  0.10162635  1.79122898]
[-0.37091941 -0.12693168  1.72012869]
[ 0.2936408   0.20125663  1.47438774]
[ 0.10584525 -0.04483109  1.28532616]
[ 0.09721149  0.08510798  1.8325414 ]
