[-1.71558392 -2.12168038  1.60529412 -2.25200992 -2.16801349 -1.38827979]
[-2.43380806 -2.63180206 -0.53420938 -2.08800278  0.02731726  1.70267405]
[ 2.74192941 -1.73262126 -0.5900412  -0.93494385 -0.1630225  -1.56101421]
[-3.11412607 -1.70136664 -2.09345564 -0.0190895   2.00604705 -0.99872816]
[-1.62893021 -1.71270463  1.34595753 -0.65118114  0.007632   -1.35714361]
[-1.71711864 -3.11088701 -2.86185017  2.6152105  -0.2816755  -0.52732465]
[-1.39012635 -0.41143185  0.10596361  1.16170765  1.01244846  2.31377965]
[-2.68297818 -2.40607966 -2.99839479 -0.67714388 -2.83932903  3.13357028]
[ 0.42948266 -0.71251749 -0.07683046  1.50908048  2.9537063  -2.32771564]
[-2.32758747 -2.41744216 -3.05386304 -1.82977145  0.11298073  0.34621839]
[-1.70333856 -0.70432402  1.63381078 -0.40418794  1.28852596 -2.53889142]
[-2.89981397 -0.46116675 -0.21649409 -2.40168697  0.58678531 -0.36955488]
[ 1.66343359 -0.66306847 -2.97381956 -0.08346582  0.37092052  1.43059382]
[ 2.68021852 -2.30418284  0.56171053  2.49447825 -1.84386985 -1.2220555 ]
[-2.8141297  -1.42739276 -0.32314587 -3.05998351 -2.97571159  3.08614952]
[ 2.37217833 -0.17639966  2.81225727  0.42019318 -1.80558204  2.91846639]
[-0.66319532 -0.49425346  0.35042869 -0.61461041 -0.27002039 -3.02414891]
[ 2.413008   -2.73269218 -0.22794017  1.30278755 -2.65270287  3.05057404]
[ 0.84949274 -0.52880983 -0.16335705  2.11386433 -1.2134432   0.67412289]
[ 0.20002555 -0.36982241 -0.12255855 -0.17851218 -0.64027818  1.98621164]
[ 1.72660237 -1.59519271 -1.20065192 -1.80989186 -0.94309265  1.93640467]
[-1.48778225 -0.88445271 -1.61502085  2.73148991  2.04590836 -1.98593492]
[-0.65983594 -0.47348024  0.93906213 -2.55032448  0.31783215  1.83175815]
[ 2.92965535 -1.60022379 -2.18038619 -0.44708417  2.02090503  1.79401787]
[ 3.07615216 -2.11098242 -1.67884657 -1.71156723 -1.25928006  2.65629613]
[-0.62352717 -2.47927571 -1.64957444 -2.8859476  -1.5327224   0.75877755]
[-1.4261713  -0.40891264 -0.35522782 -3.07961275  1.86522165 -1.38442898]
[ 0.6166538  -1.73004421 -1.05108242  0.1099178  -0.52236025 -1.93611625]
[ 0.00951535 -2.34176889  0.73437957  1.34720775  2.01974177  1.15138442]
[-1.09912802 -1.02817652 -2.42832527 -0.46366632  1.72277303 -1.79637304]
[ 0.73494633 -0.96928017 -0.29050516  0.56325902  0.77515408 -0.79580847]
[ 2.30378212 -0.58273712 -0.30653479 -1.47331604 -0.0547938  -1.08195531]
[-1.83092176 -0.61931297 -1.54182816 -2.55532549 -0.95323767  2.5404165 ]
[ 0.17665159 -0.73050603 -1.82389472  2.47041411  1.54792939  1.67226601]
[-1.98236537 -0.41252236 -3.07826198  0.35096881  2.06674271  1.5022253 ]
[ 0.4488192  -1.31227942 -1.30529944  0.74037923  0.07021323  0.72196438]
[ 0.47089173 -1.66621172  0.80351158 -1.88635822  1.02255049 -0.60418626]
[ 2.28224956 -1.15550836  1.16175914  1.75307556 -2.06140463 -2.52227626]
[ 2.79964155 -1.56446752 -0.34116298  0.69732143 -2.37911651  1.22758523]
[-1.98602378 -1.94572464  0.40379588 -1.57857679  1.2580521   2.95869413]
[ 2.22439961 -0.56531028 -0.16238005 -3.01545015 -2.38582806 -2.45034444]
[ 0.52674744 -0.26640971 -1.26914375  2.69012083 -0.52954175 -0.85902416]
[-0.10357233 -0.79545015  0.55526113  1.81019004 -3.0050334   0.42593959]
[ 2.24974315 -1.6284082   1.10463855 -0.96974625 -2.28609736 -2.57401709]
[-2.16362502 -1.26739921 -2.44015356  0.43544426  0.94319231 -0.49955627]
[ 2.85427392 -0.43621725 -0.25568441 -0.1607029   2.88288008  0.32588302]
[-0.6774256  -0.63691541  0.15447596 -1.86261536 -1.11566584  0.26682248]
[ 1.06676219 -1.16980776  0.0606705  -0.32749636 -1.91464028 -1.48756969]
[ 0.60424326 -0.46154363  1.76222451  1.62222558  1.95381255 -2.26558716]
[-0.02614833 -0.4964576  -1.6593704  -0.8332554   1.43406823 -1.65801164]
[-0.50450709 -0.87883228 -2.61121115  1.37571968  2.64060651 -0.54066098]
[-0.02163318 -2.40856915 -1.40186453  1.61173454 -0.36497502 -2.57479949]
[-1.27049612 -2.3916865  -0.28825713  0.79398488 -0.53596864  1.56576331]
[ 1.18116814 -1.01333916  2.42039181  1.35149165  0.72943363 -2.22435038]
[ 0.25460999 -2.38804636 -0.31959872 -1.95853106  2.24039749  0.78218105]
[-0.69025734 -0.26648583 -1.53151487 -2.20977308  2.15012425 -1.8644223 ]
[-0.1501704  -2.75383032  2.72831746  1.73736442 -1.29090222 -1.25542218]
[-2.87311833 -2.10470646 -0.65190722  2.60321032 -0.60047424  2.15806408]
[ 3.10052099 -0.91770105 -0.55482129 -1.28395109  2.52727406  1.08415033]
[ 0.0894372  -1.73082389  1.27233281 -0.52818386  0.18055555 -1.17560414]
[-0.94226893 -2.56010418 -3.0281907  -2.41506814 -0.5366326   1.38204663]
[ 2.42771243 -0.17466071 -2.8293996   2.81384009 -0.91497893 -2.90277256]
[ 0.52612632 -0.29428109 -2.99426547 -0.94481611 -1.35342672 -2.49623262]
[ 2.64221528 -1.1672151   1.05193589  0.21349503  2.18836655 -2.3974238 ]
[ 1.2635883  -2.15238317  2.26177556 -2.97098854  2.34706058  1.55202093]
[-0.92900548 -2.32787212  1.9780908  -1.880682    1.46515962 -0.97247898]
[-2.27322236 -2.34409932  0.10390747  2.22170007 -2.36310771  1.81143208]
[ 0.4175584  -0.71366459  3.04747283 -1.69291614  1.89650613  2.89105363]
[ 2.48386062 -0.58227275  1.04606836 -1.61300378 -1.48522507  3.04408573]
[-2.77310247 -2.14613895 -2.68267233  1.77289848 -2.80945705  1.81308266]
[-1.98412272 -0.13021175  0.41659495 -2.04196445 -1.86167031 -2.56554276]
[-3.05393758 -0.61713216 -0.13312907  0.24794753  0.05266856  2.97187974]
[-0.20018943 -3.08530593 -2.79439085 -1.58836908  1.50405423 -2.11389513]
[ 1.63296356 -1.35732988  1.60890047 -2.49544352 -2.92588783 -0.16273542]
[-1.88877112 -1.07866901  0.33285152 -1.20345466  2.13861288  0.82045245]
[-1.00783972 -2.96520607 -0.94595697  2.02693036 -0.41312848  0.58728407]
[-1.28623851 -1.14044083  2.96061394 -3.04689852 -3.00613117  0.70778342]
[-1.40566699 -2.9230808   1.84694118  1.2341306  -2.30611292 -2.67599401]
[-2.7205826  -1.00956988 -1.62597744 -0.71812665  0.50465678 -0.43013969]
[ 0.61976123 -2.96845371  0.63327855  1.58335438 -0.66559961  1.45087292]
[ 2.18209123 -0.80225482  2.17790452 -1.37104083  2.27102668  0.36187236]
[ 2.79223646 -0.95503979 -1.48917073 -1.7812005  -1.97604204  1.016568  ]
[ 0.70372288 -1.21935937  1.20308782  3.06773     2.82287269  0.95200726]
[ 0.58540217 -2.35882509  1.86332856  0.72452126 -0.81673452  2.85360506]
[-1.51201652 -2.80070452  0.76177503 -2.55030058  0.75597188 -2.85796813]
[-1.95740714 -2.36689813  2.06758373 -1.21999142  2.31831388 -2.71179202]
[ 2.92173783 -0.67015614  1.69691277  2.68865249 -2.79825126 -0.87878541]
[ 2.13352562 -0.9576242   0.51643223 -2.43443438 -0.7850392  -2.44478048]
[-0.52799176 -2.87986907  2.11153257 -0.86167003  1.65206456  1.73608651]
[ 1.44043282 -2.498133    1.03961231  2.24699143  0.01187351  0.7500481 ]
[-2.47436036 -1.98022704  2.37613769 -2.76797616  1.69353463  2.13802976]
[-1.47380108 -2.52801238  1.98051463 -0.92251331  1.29328332  0.51716614]
[ 1.08593321 -2.46540301 -0.20891294  2.01873186  2.59776599 -0.36993669]
[ 0.79738416 -1.64080851 -2.20184483  2.67124263 -0.39442964  0.15516819]
[-1.32239646 -2.58855467 -2.23143745 -1.97057864 -1.03673523 -1.68943252]
[ 0.22217704 -1.35017182 -1.91394422 -1.45222415 -3.06364818 -1.96687957]
[ 2.90900503 -2.15488561 -2.13431262 -1.92426515 -0.24461314  1.36872909]
[-1.96527048 -1.91185289  1.46191737  0.54729549  0.97659657 -0.02107588]
[ 1.14405312 -2.74425708 -0.705208   -2.16529619 -2.83185616 -0.05257608]
[-3.0933751  -0.84163866 -2.41292024 -2.9127794   0.87704693 -1.02707055]
[ 0.99122207 -0.09345969 -1.68080937  0.24070693 -0.3999017  -2.10863864]
[-1.81083869 -2.36702861 -0.8330804  -0.87416373 -0.57808005  2.63572893]
[ 3.11808679 -1.04035825  0.29537486  0.46163312 -2.03977113 -3.11777537]
[-0.73319365 -0.48461538  3.13283374 -2.70512986 -1.97729888  1.40636051]
[ 1.280417   -2.25407824  2.32582475 -2.51266167  0.97313175  0.06448946]
[ 0.79627483 -0.1070608  -0.43509376 -2.19332945 -2.99959033 -1.38697936]
[ 1.24541724 -1.00527587 -0.25681424 -2.52489723 -1.93462848  1.3453688 ]
[ 2.28841895 -2.01474337 -0.7631856   1.29764825 -1.9484138   0.69654257]
[ 1.23910013 -0.03317287 -2.31464117 -0.05111657  1.91599712 -3.13169415]
[-1.79019774 -1.07151251 -1.18908419  1.67977715  0.0552997  -1.91088004]
[-0.34896333 -0.96142244  0.93280416  2.91049032 -1.03496478  2.43909846]
[-1.31187564 -0.02256313 -1.51695762  0.04371927  1.29627315 -2.68151093]
[-0.21177419 -2.91865159  2.297051   -0.83884827  0.50378251  1.37851426]
[-1.36515805 -1.34791786 -2.17715756 -1.97347898  0.8184796   0.04425412]
[-2.436892   -0.95383297  2.40331356  0.29701158 -1.71195061  1.74576148]
[ 1.96659176 -2.5209996   1.43996866  1.93589179 -0.90709127 -0.33043595]
[-0.6886376  -1.53661629 -1.96978712  0.13775495  0.08766041 -1.23666647]
[-0.87511024 -0.79458592  2.46109126  1.80872704  2.54438197  2.75438615]
[-0.92641849 -1.89465501 -1.57068891 -0.25932187  1.03821313  0.68187505]
[ 0.07841408 -2.72550106 -1.09678348 -2.91305543 -2.69362523  0.50946656]
[-2.30513843 -2.0271395   2.14141093  2.47461389 -1.36854434  0.78268514]
[-1.98334531 -2.6328693   0.73750185  1.49283594 -2.19429101 -2.44356091]
[-2.26159396 -1.8618197   2.67801668  1.41834627  0.80648833 -0.1047661 ]
[ 1.01215983 -2.64933179 -1.79618735  0.09556098  0.02717648  0.03233638]
[ 0.59071017 -0.93417002  0.67195109 -1.66480271  0.70939719 -1.57292935]
[ 2.12049789 -1.64352915 -2.92258211  1.82937439  2.16616899  0.94429212]
[ 0.0532257  -1.25563403 -1.4157632   0.21788334  1.77509297 -1.31917416]
[ 2.94952837 -2.75454363 -2.33478248  0.95290035 -0.53774242  0.10081818]
[ 2.9674269  -2.23430634 -1.77780424  3.05706998  1.1360853  -0.63222966]
[ 2.5401901  -0.49374708  1.90867431 -1.3016984  -0.53606104  2.82394816]
[ 1.36879406 -2.10122042  0.26544509 -0.16806317  0.44852859  2.43430883]
[-1.91661362 -0.84533459  0.91992163 -0.14149171  0.87486952  0.45689635]
[ 0.18503548 -0.51961153  0.00965647 -0.55725941 -0.03419174  1.7756344 ]
[-2.5191724  -1.71882322  3.04018624  2.85390592 -1.38068493 -1.13128257]
[-1.42662098 -2.55397391 -1.4951423   1.53796059  0.09951728 -0.42118991]
[-0.2269388  -2.44229696 -0.8293693   2.95979694  1.34494519 -1.35924086]
[ 1.68378746 -0.50561108  2.23934855 -2.27317146 -1.45726694 -0.68732039]
[-2.85215425 -1.93917435 -2.80641383 -0.78326925  1.46484956  1.35693693]
[-1.77809248 -2.32881205  1.92992469 -1.59550026  0.8010012   1.1544433 ]
[ 3.1192812  -1.04119236 -0.19446649 -1.6211804  -2.78870809  1.00783267]
[-0.06453198 -1.06896276 -1.17651898  3.10045073  1.66195634 -1.13513297]
[ 1.83146155 -1.61881077 -2.51403946 -1.89502678  2.49979298 -2.53964885]
[ 2.26578379 -2.66243424  2.33552741  0.91077674  2.02649376 -0.87037477]
[ 0.81493041 -2.97026104 -1.03007674  0.30597625 -1.72355348  1.67888227]
[ 2.72093504 -0.91972812 -1.89480194 -1.54471749  1.38384731 -2.0074977 ]
[ 2.01600867 -0.62079004  1.32732645 -2.55903133 -1.06800192 -0.02784274]
[ 2.92014114 -1.33861277  0.32008555 -3.09977242  0.55396447  0.9329982 ]
[ 0.64861922 -3.13323275  1.13478914  0.59905343 -1.66501585  2.48665846]
[ 2.28701156 -0.35165657 -1.51465902 -0.62252798 -2.03217935 -2.39696631]
[-2.54466707 -0.60156609 -2.88092052 -0.06210151  0.36578278  2.05535669]
[-2.18119936 -0.87759254  0.36358174  2.24330367  3.0840859  -2.45380221]
[-1.91390356 -2.42481109  2.49354025 -1.4442254  -1.41223269 -0.28362179]
[-3.12884233 -2.98178875  1.30764098 -2.73166819 -0.87259643 -2.73230922]
[ 2.08451544 -1.80874476 -2.36705724  0.46978313 -1.83120768 -2.91719618]
[ 1.36244324 -2.36837549  1.751291    2.13211979 -1.00729755 -1.30548633]
[ 0.2428988  -0.46724167 -0.40569017 -2.4019381   0.91185093  2.25775529]
[-0.9031582  -0.10076095 -1.35226741  1.65751925 -1.59567131 -0.51427641]
[ 1.78895458 -2.20479793 -1.3221579   1.42317492  0.35410826  0.86712368]
[-0.56667825 -1.80377523 -1.75691312 -0.76656921 -1.4149693  -1.04990898]
[ 1.09060068 -0.1712688  -2.14847461 -2.72767228 -1.03822392  3.13034733]
[-2.81250371 -2.41288399 -2.61480952  0.71112052  1.27336859  2.79276895]
[ 1.57800279 -0.11864329 -1.30920294  1.54098566 -0.73736085  2.67620706]
[ 2.87028616 -1.55516339 -2.38413336 -1.85796817 -0.60683524 -0.36762938]
[-0.27410238 -2.08699438 -1.25285811  2.93961843  2.0255944  -1.58675993]
[ 0.33604622 -1.88235935 -0.44044225 -1.5030805   1.10786208 -0.16616079]
[-1.07024901 -0.79406831 -0.60932671 -0.05624971  0.42900668  0.10919568]
[-2.05198931 -2.61793446  2.3959194  -2.18347989  1.49115422  0.86282468]
[-0.80135434 -0.9222078   1.47804829  2.16511672 -1.84037959 -0.11605888]
[ 1.35681679 -0.72853193  2.5287193   1.98843544 -1.39156988  2.30243565]
[-0.14626265 -2.39022678  1.96754737 -1.44179924 -0.78437314 -0.87774703]
[ 0.19862756 -3.00027237  1.43011521  0.27806361 -0.80568326  3.02767576]
[ 0.74127548 -2.58936911 -2.63976766 -1.49667472  0.94746004  2.85346072]
[ 1.96760531 -3.13202692 -1.97344039 -1.83624625 -0.94111679  1.3245048 ]
[-1.39193028 -0.08265374  2.35786717 -0.33119053  0.01594815 -0.5658368 ]
[-1.44828364 -0.95684394  0.43008063 -0.09633818 -0.70230909 -1.39191185]
[ 3.12509099 -0.68454446 -1.20496628  0.02789333 -2.8182635  -0.40850922]
[ 0.83264091 -1.58622685  2.34274566 -0.91961081 -1.96287247  1.88261275]
[ 1.12384671 -1.5133857   2.58594962 -2.62391001  1.63372887 -0.34041773]
[-0.41781395 -0.50052202  2.48033976  0.53512133  0.60678057 -1.40203087]
[ 2.45915103 -0.07493619  3.06282363 -2.57067339 -0.46655797  2.03804518]
[-0.23328385 -2.64343086  0.94287007 -1.56214606 -1.11315076  0.50727774]
[-1.14343418 -0.83355104 -0.40670191  1.46348782 -2.622187    1.48246089]
[-2.97477337 -3.00281121 -2.03164349  2.48228533 -0.70511342  0.47395497]
[ 2.60473492 -0.35226322  0.01240735  0.09896752 -1.80678046  0.94464174]
[ 1.97394921 -2.83253751  1.02292616  0.8002696  -2.86121953  0.23633679]
[-2.67459125 -0.39847824  1.54105169  1.17083499 -3.00070376  2.63437292]
[ 1.3932735  -2.84846771 -2.19480547  2.07363467 -0.47857744  1.13534009]
[-0.49274445 -2.41011468 -1.59576678  2.26347345  0.96838882 -2.3647589 ]
[ 2.9886514  -1.88291778  1.1160881   2.95208216  1.78369926 -0.81879733]
[-0.60021361 -2.71342375 -2.46273183 -0.00934908 -2.44650942 -1.75600213]
[-0.01301424 -1.97354946  2.12115356  1.10433384 -1.74758035  1.62265344]
[ 3.04571007 -2.18592718 -1.8489757   2.30943882 -0.8506849  -1.920948  ]
[ 2.94626218 -1.4221168   3.06522976  0.6782135  -0.51693489  2.00327153]
[-1.11714716 -2.83096343 -3.03127656  0.7657045  -0.17405549  3.05897876]
[-2.49058947 -1.95229976  0.3375287   1.32777695  2.28458355  0.9798387 ]
[-2.62746991 -0.70861042  1.07019804  0.34257518  1.81987733 -1.31199544]
[ 0.5183066  -0.32937881  1.17305097 -1.90918659  2.20702487 -2.39045192]
[ 1.3411292  -2.78098654  0.63609006  1.80672717  2.46278013  0.44204573]
[-0.61068076 -2.19757987 -2.15447927  0.78569968  1.74917803  1.78547055]
[-1.27337563 -2.8004069  -1.58635389 -2.37502413 -1.75980612  2.6498575 ]
[-1.54781899 -1.51836842 -0.3718652   2.45218247  0.23355096 -0.35489634]
[ 0.67742569 -2.91147727 -2.06959665 -1.70017781  1.37360061  2.95950406]
[ 1.83962125 -3.06488339 -1.36810206  1.73467292  2.51004239 -2.47262968]
[-2.75201122 -0.79965219 -1.4595214  -0.06207455  1.07357216  0.47124897]
[-2.94309755 -1.08857852  2.79935354  1.42222518 -1.21731944  1.76786927]
[ 2.69910289 -0.31291516 -2.30953863 -1.87204277 -0.54287649  2.87021236]
[-1.61182109 -2.23796283  2.59695303  0.4374953  -2.15389227 -2.96849295]
[ 0.51968334 -2.77824578 -2.43972749 -1.93608317 -0.78310442  1.06513889]
[ 1.88337435 -0.22032026 -2.56511301 -3.09045981 -1.20056355 -2.62667515]
[ 1.61825855 -0.34826374  2.44221168 -1.01200013  1.36653224  2.19589516]
[-1.81835572 -1.72875327  1.85504446  2.51170023  1.49563025 -1.46577185]
[-2.79740225 -2.73198322 -0.1362688  -2.5795254  -1.34889214  1.0812519 ]
[ 1.98676446 -1.01537912 -2.24832033  1.69552242 -1.01734252 -1.93250636]
[-2.89147596 -0.02680822  1.15854444 -0.11187127 -2.97886476 -1.79035895]
[-2.22514215 -1.87144875 -0.08417753  0.62482808 -1.65784496  3.123357  ]
[-2.46126635 -0.75866487  1.5176386   1.55323498 -0.14312533  1.93335696]
[ 0.14898605 -0.86243409 -0.63192105  1.21845343  0.87441472 -0.02752548]
[ 0.14954803 -0.26360253  1.67822319 -1.105274    2.31258562  0.72201304]
[ 2.62519258 -0.48236312  0.05724398 -2.63400095  1.50789168 -0.36101064]
[ 2.77209721 -2.81071551  0.85430046 -1.21330806  1.33396003 -1.1793035 ]
[ 3.05071327 -0.13894336 -0.12878754  0.50944809  2.22984209  2.25075977]
[ 2.45185429 -2.95436654 -2.562951   -2.44433174 -1.99575814  1.60850563]
[-0.21554562 -2.91810207 -2.56525632  2.08160663 -2.87618645  1.86643255]
[-0.96030195 -2.73532624  1.95526046 -0.39245377  1.03106104  0.81038752]
[-0.16075574 -1.82049724 -3.10654147 -0.57369005  2.47381311 -2.15696513]
[-0.54114629 -1.29509738  1.99689978  2.89920071 -0.70122062  1.8210636 ]
[-1.74713348 -2.79915934 -0.58136954  2.64044934 -2.71504145  2.7716846 ]
[-0.32649009 -1.53669948 -1.9559189   3.0792296  -1.141574   -1.7097607 ]
[-1.04020422 -0.15421725  2.3687844  -1.66988597 -2.55128823  1.03262899]
[ 1.82418846 -0.65718497  0.24674944  1.50408862  0.20793893 -2.59444439]
[-2.91042819 -3.01288417  1.95710841  2.56764587  0.22890969 -1.86021812]
[ 2.23330612 -3.06902721  0.82145762 -2.83366259  0.86795953  1.12854436]
[ 1.68659708 -0.75170435  1.38026761  0.69200679 -1.76855212  0.92526203]
[-2.44650703 -2.29702617  0.91219621  1.00159307 -2.72279113  1.66539913]
[-2.89821137 -0.07590671 -0.33806304  0.44800639  1.75535846 -2.46302862]
[-2.89254709 -0.83218281  1.38236746 -2.71078915 -3.07453685 -2.90467227]
[ 1.25929599 -0.78197245 -2.97258923  1.27781184 -2.74187022  0.90570377]
[-1.82906266 -2.19305407  2.00676437  0.59904729 -2.09403095  0.48773253]
[-2.31273743 -3.10608988 -1.31971552  0.34437162  0.86658685  2.51688454]
[-0.47443287 -1.10555787 -0.48372269  2.68532996  1.43517293  0.98148319]
[ 0.97546282 -2.58247551  2.37706737 -0.31947411  2.10835481  1.30474024]
[-2.18573058 -3.01315874  2.32848115  2.4627366  -1.01123392  2.69629001]
[-2.93023135 -0.23951713  0.38356398  2.35427177 -1.9676177  -1.26155202]
[-2.22493681 -1.85713    -0.18052753  0.63666061 -0.05187502  2.66773056]
[-1.15509536 -3.04493453 -0.21129962 -2.91097053  0.21574031  0.83022842]
[ 0.11584725 -1.61663552 -2.22532615 -2.19546531  0.52375121  1.54813537]
[-0.52440765 -0.65861972 -2.77367733 -0.03603839 -0.43064991 -1.48223709]
[ 1.78328402 -0.24592138  0.04843325  1.83333325 -2.12048691 -2.49765325]
[ 0.94941128 -0.62200376 -1.12091501  1.92986181  1.65620112 -1.8367716 ]
[ 0.07636468 -2.08634225  2.67433062  1.92321096 -2.34614304  3.12640688]
[-1.70377194 -0.34286127 -2.63486168  2.17255736 -2.27778731 -1.93454026]
[-0.08528306 -1.98536937 -1.42160109  2.54882992 -0.63186153 -1.98949439]
[ 1.26684095 -2.08482602 -2.09031406 -0.16673923 -1.13404529  0.4337329 ]
[-1.6960483  -2.51978887 -1.80972271 -0.86022776  2.93710149 -1.74522264]
[-0.81744433 -1.92984613 -2.52812823 -2.30412457  1.09804708  2.42983067]
[ 2.99410866 -1.14659828 -1.94229802  0.65158291  2.27188588 -0.79913019]
[ 2.07324336 -2.73888324 -0.35251753  0.5403955  -1.56846697 -1.51590627]
[ 0.01700109 -0.64242461 -2.90053353  1.41416634 -2.99691332 -1.88070439]
[-2.44903769 -1.98689526  1.81111546 -0.05793994 -0.28322497 -2.04084316]
[ 0.14269496 -2.54277231  0.38823315 -1.73076826 -1.6091514  -2.94631529]
[-0.44466614 -0.92465593 -0.02689103 -2.44538536 -2.15776767  0.79051304]
[ 1.14618163 -1.60416359  0.97437079  1.36314761 -0.33511772  0.50874127]
[ 1.60778678 -0.65087688  0.29756221 -1.66707719  3.11458697  3.08867011]
[ 3.0725836  -2.81311256  1.42793031 -0.2230272  -0.58236376 -1.55992523]
[-2.84126989 -0.30078687  1.84391662  1.30462261 -0.70186438 -2.69435805]
[-0.81407743 -0.34087046  2.36741599 -1.38518817 -1.6136433   1.34978205]
[-2.27133867 -0.88767919 -1.54724425 -0.54897071  1.84617219  0.48645865]
[ 0.03878732 -1.96378377 -1.02444378  2.0859161   3.01990827 -0.06130825]
[ 2.08959254 -0.84844153 -0.81451524  2.80178971  0.57830542  3.003311  ]
[ 1.10389492 -2.56156576 -0.38639968  1.13026085 -1.38059107  1.69375402]
[ 0.00628675 -2.38546524 -0.33430197  2.46517938  2.87451196  1.51670618]
[ 2.0479484  -0.98033199  0.00355607 -1.27435496 -0.9708764  -0.67552194]
[-0.55200161 -1.35242349  0.60919291 -0.14555862  0.3522098   1.66041971]
[-0.89884588 -1.16273959 -0.07046595 -0.85748159  2.30559075  0.45590897]
[ 1.4899509  -2.6863004  -0.05389152 -1.43964786 -2.074988   -3.10471213]
[ 1.78121216 -2.48742334  0.19983613  0.70803122  2.1063086   2.34515745]
[-2.96911613 -0.72728262  1.82049476  0.88555498  2.20106834  1.54453064]
[ 1.61085394 -2.0353766  -0.09722012  0.98158531  2.32339701  1.05603947]
[ 2.68780812 -1.0155998   0.30595362 -1.93058751  0.25652976  2.86829307]
[ 0.83090607 -2.8474223  -2.97597831 -1.5103018   0.60949311 -2.14547783]
[ 2.73932866 -0.72055924  3.13855381  2.10802333 -1.32008375  0.07497225]
[ 1.45531261 -0.70840417  2.72519945  0.53819009 -0.78748945  0.28427738]
[ 1.24740509 -2.16929245 -2.68594939  0.34070558  2.61631716 -0.79352666]
[-2.67093247 -1.6693523  -0.65308646 -2.26154487  1.85172674  1.26675134]
[ 2.46643967 -2.00379972 -0.50141987 -0.09831085  2.14227772 -1.23257481]
[-2.73402018 -2.62962384  2.82263698 -1.34582395  2.37120676 -0.9380511 ]
[-0.09768494 -1.01752158 -1.76916963 -0.91570534  2.29953656 -2.25438195]
[-0.40027711 -2.37990931 -2.53438483  2.26214721 -2.84462988 -1.20280657]
[-0.20513035 -0.1706682  -2.82308967  0.50643251 -0.31204734 -0.636023  ]
[-2.96629024 -0.45329995  2.42461152 -0.5540861  -2.21871208 -0.44539078]
[-1.23668828 -0.22208696  1.69977116 -1.99872174 -0.36195957  2.18483326]
[ 1.04760496 -1.0887977   2.2476909  -0.36139415 -0.93258115  2.78372342]
[-1.79144397 -0.33252645 -0.82600164  1.33022226 -1.03892596 -2.44869237]
[ 2.80881342 -2.31917888 -0.30555862 -1.55444458 -2.88345804  2.90304246]
[ 2.46883549 -0.43624913 -0.21509461  2.64641675 -1.29595708 -2.90451152]
[-1.25513297 -2.86083237 -2.3821893   1.98288676  2.79800458 -1.01922577]
[-1.55306856 -1.76967739 -2.36279305  0.78060404  1.34531939 -2.93997391]
[-0.15996039 -0.31486127  3.03552713 -0.08698366  1.05305625 -2.7760822 ]
[-0.37496281 -2.29753663  1.15392447 -0.52942936  2.13777023 -2.67606943]
[-0.75031124 -0.62301818 -2.45807068 -1.11766227  1.0468996   2.41674163]
[ 1.98760423 -2.34045723  2.43899155 -2.23487892 -0.84199666  2.07472392]
[ 1.54836423 -1.9814425   0.28406796  3.13896479 -0.91168305  1.8834001 ]
[ 0.73786793 -2.7693657  -1.33004074 -0.34930971  2.1316818  -2.99318775]
[-1.75916351 -2.53234805 -1.14312307  1.08042785  2.93373133 -2.40557554]
[ 2.60402633 -2.37545554  2.52927058 -2.76460786  2.75819005 -0.71522835]
[-2.27498861 -2.03123279  2.69594613  1.74134391  2.949073    2.43295769]
[ 0.57578257 -0.433024    0.64409293  1.68677695  2.46460057 -0.7945682 ]
[-0.12422701 -1.26064799 -1.11730626 -3.13349632  3.12374296  0.27463274]
[-0.01314943 -1.08348897 -0.56766379 -2.51502748 -2.22555334 -1.34674562]
[ 1.64341012 -1.13419467 -1.50520616  2.38638484  0.11984555  2.72753885]
[-0.71494654 -2.6897041   1.984315    2.00217046 -2.62373484 -0.20648161]
[-0.19988599 -2.16843264  0.56548914  0.45278472 -0.65567435 -2.42618521]
[-1.61541434 -2.63451796  2.27324213  1.23161694 -2.59771006 -1.75715309]
[ 0.01674492 -2.50302938 -2.28677803  1.61123456 -0.20458239  0.537656  ]
[ 2.2618701  -0.32646711  1.92750658  1.71028221 -0.89314722 -2.45935007]
[ 0.55889009 -0.06514428 -1.82877899 -0.91114476  0.72873496 -0.7373735 ]
[-1.59674391 -1.40767834  0.47970223 -2.89213366 -1.81291801  2.25951402]
[ 2.72671433 -1.61437471 -1.92359113 -2.36240926 -1.40054939  0.13151286]
[ 2.41187947 -0.56568279  0.81570316 -1.10773608 -1.10097827 -2.73013546]
[-2.58317504 -2.36022858 -0.37606934 -2.80338466  0.94897007  0.2443281 ]
[ 0.68500564 -1.36502028 -2.71882113 -3.02585769 -1.650549   -1.44469306]
[-1.28237688 -0.29898154  0.28199276  0.8282491  -2.29267157 -0.86373276]
[-1.74348877 -2.41773038  0.81043338 -2.62733473 -2.23133947 -1.99711293]
[ 1.00152028 -2.01106637  0.25497504  2.08207063 -1.12057898  2.98626724]
[  2.27945925e+00  -2.17343456e-03   2.67466808e+00   1.72722666e+00  -2.71487092e+00  -2.16821947e-01]
[ 1.71641192 -0.01876893  0.01848297 -0.94806973 -2.60008993 -2.54982542]
[ 2.0631568  -2.14410225  2.78236376  0.93043703  2.86050699  2.30544348]
[-2.62217817 -0.51888812 -1.00159848 -2.08083126 -1.80424582  0.6424455 ]
[ 0.22906513 -2.32754525 -2.65790273  1.6756697   1.45075063  0.88551328]
[-0.46909954 -0.54430543  1.53152164 -2.70264043 -1.26581406 -1.9549357 ]
[-1.41125861 -1.1855648  -1.1121656   1.9371152  -0.93225315 -0.43289717]
[ 2.39683449 -0.03111143 -1.89650566  0.41812885  0.74713569 -0.17494851]
[ 1.4473235  -1.90711578  0.72355245  1.58773657  2.3917582   0.98594926]
[ 0.44370488 -0.23343965 -1.5140811   1.45545689 -0.7429144   2.56019669]
[ 1.41413887 -0.43046444  0.41321388  2.21774572  3.02846456  1.21956706]
[-0.92508108 -1.0426236  -2.89601196  1.42446311 -1.86452534 -0.22009265]
[-2.77950062 -0.17800144 -1.08048263  1.78293608 -0.57901862 -1.37192291]
[-2.85269855 -1.90256999  0.47676345  2.67420943  1.14670939  2.72139595]
[ 0.51729061 -2.88232069 -1.13753354 -1.35386931 -0.0671285   2.78080366]
[ 0.06112158 -2.8495026  -0.26307972 -1.06986513  2.98767962  1.23660192]
[-0.92457955 -0.61761156  0.63811419  2.34828156  0.24400455  0.81610741]
[-2.73087284 -0.71989225 -0.03568368  2.821548    2.07104323 -1.7325254 ]
[-0.17972727 -1.06594393 -0.63253017 -1.51531258 -1.35615824 -2.95799315]
[-2.03071542 -0.583061   -2.61723249  1.21653891  2.50085634  1.26287514]
[ 2.97691474 -2.34547853 -3.06072066 -0.16159604 -0.30100772  1.15282647]
[-0.64825973 -2.73058549 -0.97465308 -2.99887825 -0.76471749  1.41986609]
[ 0.06792026 -0.19652961  2.23712984 -2.42453221 -0.986432   -2.87502369]
[ 2.43772682 -0.96562816  0.90604864 -2.18961177 -2.02158723  2.69318093]
[-2.11453716 -2.12508266 -1.34195758  0.17571891 -1.60085249  2.07762971]
[-1.67000355 -2.2709262   1.44595182  0.46321912  0.66344063  1.34738055]
[-1.9931523  -1.81426711 -1.31580756  0.88978038  0.45475595 -2.80729979]
[ 1.32184742 -0.47703913  3.10931239 -1.75637281 -1.20558089  2.87406503]
[ 0.9485699  -0.15554402  0.13050322 -0.28712936  0.4565062   2.9195583 ]
[ 2.19742441 -1.50046516  1.90405253 -2.51029527 -2.61751169  2.04410148]
[ 1.5195805  -1.06103248 -3.04995432 -1.51386661 -0.51694325  0.6475401 ]
[-2.81753242 -1.4014399  -2.24910738 -2.23066205  1.02010419  0.33100465]
[ 0.3294229  -0.42959352  0.30870396  0.20867883 -1.08632794  1.92050726]
[-2.55511887 -2.29361483 -1.17438972  1.68197539 -1.80078458 -0.86563715]
[-0.74388848 -3.0912333   0.95659229  2.32217602  2.48471901  1.56676387]
[-0.24360302 -0.7892003  -2.8797537  -0.16878723 -3.05807262 -0.58335976]
[ 1.35108261 -0.48109719 -0.96721131  0.08662521 -0.28429218  1.81943671]
[ 2.2231634  -1.05551044 -0.85284294  0.25786246 -3.02455573  0.55820783]
[ 1.226154   -1.70040004  3.00939422 -0.39936749  1.0009895   1.50023337]
[ 0.19796848 -1.35555585  0.53574746 -0.39508725 -2.72016229 -1.72769071]
[ 0.29586643 -3.04646646 -3.13282393 -3.02324027  1.4148488   2.7604088 ]
[ 1.36402943 -0.95933558  0.96987802  2.86509177 -0.09655275  2.45534565]
[ 2.68300846 -0.78307228  3.09810623  2.81632453 -3.11472198  0.16864087]
[ 1.56038164 -0.43760807  0.67721278 -0.64700832 -1.42157071  2.30394708]
[ 2.64217442 -3.04843699 -0.70031139 -0.74615316  1.02343341  0.00506146]
[ 1.2334839  -2.12402156  1.21466321 -2.20270316 -1.27720886  1.66424191]
[ 2.26861682 -3.01706864  2.63306494  0.74315569 -3.09586963  1.79929497]
[ 2.83069095 -0.24503743 -0.57426663  2.77858714 -2.28507174  2.80691945]
[ 2.26411813 -2.41930789  1.9971667   1.40631533 -2.00339972  1.25896987]
[ 1.79101944 -0.1670154  -1.68503439 -1.46947298 -0.78649197 -3.13032267]
[-1.07283772 -0.69094386  0.941637    0.75941063  1.4637656  -1.66169736]
[ 2.59617878 -0.51342119  3.08305273  0.01587492  1.12793736 -2.63063905]
[-2.84597676 -2.81707197 -2.867946    1.87768562  1.72286234  0.1254331 ]
[ 1.98652989 -1.84881136  0.23270102 -3.06153599 -1.35060557 -0.79133102]
[ 2.66660098 -0.02468045 -0.23560576  2.61071199  0.87506676  3.04613144]
[-1.75304779 -0.24416854  0.54367506  1.05456823 -1.30409431  2.11363143]
[-1.10148592 -1.14757665 -0.09870694  0.41792455 -2.58540041 -1.5128038 ]
[-1.96465768 -2.80294801  2.19498628 -1.67976997  1.92814316  1.0592524 ]
[ 1.76192399 -2.9985273  -0.5655219  -0.17405797 -1.93290286  0.28732647]
[-2.63460071 -1.04635089 -2.9643657   0.65653134 -3.08412558 -2.29037455]
[-2.90864051 -0.38198603 -2.60696999 -0.12944702 -2.09344953  1.97517287]
[-0.37134056 -2.36119841 -0.34353433 -1.17709691 -2.18951297 -0.07610658]
[ 2.61659579 -1.90213974  2.71374555 -2.6374397  -0.17463326  1.66930583]
[-1.58504693 -0.34834759  0.40760421 -2.65600021  0.10654405 -1.20641245]
[-0.69423861 -2.48462007  0.96836082  0.45087328 -2.62604844 -0.60556967]
[ 3.01885538 -1.73085141 -2.33401186 -2.78358899 -1.53576442 -0.35246818]
[-1.48998704 -1.56868104  2.5877749   0.74280833 -1.7911715   2.29137253]
[ 0.56142986 -1.38750389 -0.3564734  -1.71823859  2.48840849 -0.88851352]
[-1.17597506 -2.10107553  2.6952994  -3.02019868  1.60494055  2.11395849]
[ 2.45393669 -1.40529204 -0.78136029  0.27699926  1.9918292  -2.29129282]
[ 0.61913499 -1.00393909 -1.04197136 -3.00792067 -2.37630554 -1.12968452]
[ 3.11539721 -2.1126147  -2.38343189  2.77158636  2.59198255 -1.75415765]
[-2.69948663 -0.88361794 -0.95998091 -2.4133773  -1.07227759 -2.17112379]
[-3.07672598 -0.25763264  1.99018625  1.43510832 -2.88223019 -3.11610713]
[ 0.89708921 -0.57606248 -2.47094509 -2.3592341  -1.26920626 -0.87777696]
[-2.04339062 -1.65974063  1.34251992 -2.50578518  2.57139157 -1.21579385]
[-1.01648752 -0.26453283  0.39110442 -2.87362242  2.28279445  1.23710066]
[ 2.61519412 -2.30196235  1.03615765 -0.9791837   2.00324144 -2.10995163]
[-2.82601856 -0.27627142 -0.45331076  2.04153153  0.51531748 -2.59613063]
[-1.43357352 -2.43852849  0.86562803 -2.2943503   2.01239786  1.80199577]
[-0.33054794 -0.73256584 -2.69681997 -2.08884182  2.0502659  -0.59111905]
[-2.50603716 -1.11483201 -3.06484696  1.86908256  1.33236209  0.28274253]
[-0.92530141 -3.06145317  2.84664991 -1.02670378  0.79585948  0.89374941]
[ 2.55701638 -1.92923717  0.68572809  1.13987653  1.89945991  0.80721911]
[ 2.55179384 -1.87532984 -1.16581006  1.12048403  0.98465742 -0.68176545]
[ 0.13674446 -2.26831736 -1.32307779 -1.50806593  0.48076777 -2.6594015 ]
[ 0.85075145 -0.9991374   1.60990497 -0.98503365 -2.07259374  0.56461302]
[-2.96629034 -2.09708823 -1.30502773 -0.1401209  -1.67568806 -1.86165584]
[ 1.49142744 -1.19984317 -1.94675365 -2.01843793  2.0289862   2.97880263]
[-1.39025446 -0.45290104  0.97770569 -1.46878166 -1.34830916 -0.66668946]
[-2.43884732 -0.34863631  0.58477373 -2.18766537 -1.31697294 -1.58804499]
[-2.81276926 -0.92735749 -2.04200311 -1.42314877 -0.40527767  2.73911126]
[ 0.0432447  -1.18786073 -1.88219725  2.84916705  2.49129328  1.0155508 ]
[ 1.17493335 -1.3828289   0.64630085  2.20319615  0.09633068 -2.24633438]
[ 2.75169037 -0.80614617  1.33809818  1.20778013 -1.48496642  1.5877133 ]
[-0.19636618 -0.66168281 -0.53572639 -1.55446172  2.72187608 -0.88173302]
[ 0.80652336 -1.76442499  0.58212128  2.48104397  0.65480744  1.88362699]
[ 2.30008421 -2.45878182 -3.11385536 -1.56980799 -0.38016953 -0.34345847]
[ 1.04497007 -2.58845078  0.60265537 -2.32876347 -1.43677841 -2.50105061]
[-2.79965558 -2.02770062  2.46547804 -1.77794893  2.63201102  1.48329396]
[-0.8690575  -0.80287701  2.17161023  2.27109587 -0.62508613  1.9097649 ]
[-1.55794693 -3.04496205 -1.23674388 -0.52141694 -2.26499472  0.06690002]
[-1.98441526 -2.95064604 -0.26638229 -3.1274026   1.10931662 -3.06937079]
[ 1.07128762 -0.54719836  2.57676207  1.33713541 -0.56085051  2.99175776]
[ 2.19886255 -1.10953743  2.1573623  -2.08177619  1.10680983  0.83763129]
[ 1.52759514 -1.08395909  2.39633839  2.73891617  2.10852003  1.21376708]
[ 0.39820087 -1.77085248  1.24739935  3.07962916 -1.55746976 -0.75852154]
[-0.17499674 -1.02596126  1.80850543 -1.3798155   0.67527746  2.78651367]
[ 2.72847245 -2.26403164 -3.01080994  1.13957505 -0.81949182  0.45181075]
[ 0.85732325 -1.10581214  0.54457841  2.54416733 -1.25693461  2.41220833]
[-1.26750137 -0.98716697 -2.00371881 -1.16196709  2.11597836 -2.98472992]
[ 0.25224178 -2.66911643 -2.24768194 -0.34773293  2.1671276   2.58203089]
[-0.89712638 -0.20455735  2.46279298 -3.07154765 -1.16250137 -2.56557095]
[-1.48228737 -1.42006343  2.14240675 -2.02945586  1.17522501  2.51401311]
[ 1.00447831 -2.08294668 -0.10252049  0.18546192  1.25938339  0.33939755]
[ 1.18132345 -0.29312439  1.53156245 -2.00446573  1.28353868 -1.68306878]
[-1.62792694 -2.17054736 -2.40396397 -2.88489261  2.02407175  0.12173533]
[ 1.51684002 -0.91011842  0.27198226 -0.74269971 -1.50372806 -1.73022878]
[ 2.64667915 -1.25640605 -0.93632314 -0.27798414  0.07865096 -2.77128328]
[ 0.47949487 -0.1410142   0.07483271 -3.03124149 -0.1260707   0.4541132 ]
[ 0.62417205 -0.36870312  0.42964487  0.82050922  2.74909973 -2.03881665]
[ 0.78796472 -0.65845983 -2.82720145  1.64012892  2.08752753 -1.53888007]
[ 2.10095072 -2.10592284  2.82933451  1.04576261 -1.62724826  3.00880827]
[ 2.00956434 -0.41904316 -3.03655068  0.73147675 -2.1540548  -1.83084161]
[ 3.04182319 -3.13454446  2.23152938  1.41273305 -0.47446725  2.47428819]
[ 1.75282772 -1.0505271  -0.30788022 -0.61699506 -1.06325862 -0.97032229]
[ 1.65380536 -0.11686199 -1.26105162  0.57291371  1.2107869   3.00222836]
[ 2.05565123 -0.9348363  -1.84657992  1.23667695 -0.01967769  2.74560993]
[ 0.71159118 -2.97408188 -0.96756473  1.64859874 -3.12831541 -1.85155092]
[-3.00432892 -2.83427886  0.51733652  2.34214654  1.50791167  2.38022393]
[-2.20115767 -1.55190799  2.47014849  1.60798459 -2.65252438 -0.51383409]
[ 1.84053774 -1.8836074  -0.37986002  2.81804953 -2.20177051 -0.85091045]
[ 2.14721145 -1.89670687 -2.81515736  0.04575546  2.46572534  0.08574084]
[ 0.84493296 -0.4024862  -2.09446133  2.48385763  2.02575283 -1.15989511]
[-0.17949945 -2.32630971 -0.01899477 -1.87128089  3.08598833  0.84379145]
[ 0.06477425 -0.53355801  0.06358676  2.89974997 -0.0608941   1.85163151]
[-2.13752413 -1.93749308  0.73349902 -1.55147579 -2.44923115  0.48670171]
[-0.81984936 -0.37201782  0.3309003   0.01875366 -2.42003222  0.14292438]
[ 1.76019629 -0.87226481  2.23791929 -2.57382251  1.34246144 -2.27828829]
[-2.46371725 -1.12672079 -3.10364765  2.69171377  2.24029704 -1.26107024]
[ 1.34016497 -1.42099428  2.10800734  2.38225788 -1.59856889  1.55609706]
[-2.2701452  -1.1999662   1.57400962  0.19775809  2.25314983 -2.29169569]
[ 0.62467024 -0.50553071 -1.29463861 -0.70958117  1.01831787  0.07978968]
[ -5.32767763e-04  -1.13334469e+00   4.01907704e-01  -1.95055319e+00   2.90816469e+00  -2.32656390e+00]
[-2.33722652 -2.52101858 -3.00010841 -0.17951275  0.19446389  1.4026525 ]
[-0.60549087 -2.30135538 -2.03904203  1.8119579  -0.20135083  0.38505317]
[ 2.85110041 -1.68832149 -0.27407464 -0.14202002 -1.95515105  1.98617262]
[-0.77949293 -2.98533159 -1.9963382   1.59003456 -0.41329799 -1.99285616]
[ 2.3522947  -1.72712944 -2.84475203 -2.72046556 -1.26918678 -1.9556197 ]
[-2.38994782 -0.58521462 -0.79240765 -2.81341965 -1.30867508 -1.23591964]
[ 2.43090233 -0.21237397 -1.02332959  0.63788559 -1.26956737  2.86930029]
[-1.34003824 -1.82055835 -0.97350627  1.65599184  0.47300736  1.06127461]
[ 0.70497826 -1.34436704  2.16580127  0.6652529  -0.57852091 -1.18853186]
[-0.11452015 -2.32246576 -0.87904574 -0.90360889  2.03197742  1.3232727 ]
[-1.68687003 -2.77809236 -1.85356963 -0.25245285  2.60499812 -2.63287288]
[-0.62044237 -0.3297805   1.43301096 -1.14897819 -3.05351482 -0.13845139]
[-0.16639029 -3.07122623 -2.72175089  1.43558383 -1.08047975  2.85474305]
[-2.78196257 -2.33329393 -1.07211535 -0.98940038 -1.57733746 -2.03662972]
[-0.90379292 -1.73112121  0.96399911  0.4209613  -2.84277191  1.26823461]
[ 2.57274429 -1.81910165  2.20086944  0.49242802 -0.5620808   0.26994508]
[-3.02547385 -2.1947358   2.77763649 -1.63612988 -1.36307592 -0.49442921]
[-3.08275934 -1.99721032 -1.07091166  1.40015408  0.41783304  2.3369005 ]
[ 0.55792632 -2.15383191  2.94791113 -1.31386196 -0.1252773   2.9744712 ]
[ 2.83914362 -2.43110403  0.22703468  2.73701439 -0.66556641 -1.37946362]
[ 0.04084974 -0.54698943 -2.91761324  1.49629108 -0.60215152 -1.28143373]
[ 1.88228467 -2.33561519  1.2209131  -1.92617603 -1.43423054  0.04296693]
[-3.02628082 -1.23336099 -1.16648154 -1.27586255 -3.05279479 -1.57951869]
[-2.41181489 -0.16618333  2.16044246  2.77245454 -1.46489241  0.96646279]
[ 2.21293863 -0.43531701 -1.57016307  1.54556615  1.72333608 -0.48692184]
[ 0.09413227 -1.81384159  0.44824216  2.87614333 -0.75459371 -1.40895866]
[ 2.81985977 -1.64373375  1.58174913 -0.34665135  1.3768644  -0.298638  ]
[ 1.08025198 -1.13837479  1.91087353  0.87098193  1.76547532  0.67526742]
[ 1.21936555 -1.94127646  1.25934416 -0.14893377  1.43181254  1.36062989]
[-0.98354818 -2.54362648  3.00581841  2.03815314  1.32029891  1.65864956]
[-1.60977925 -2.86073851 -1.7172338   2.73575758 -0.64815541 -0.23207281]
[ 0.08307359 -2.18107518  2.65992904 -0.21809486  1.05721921  1.76405032]
[-2.03360302 -0.9054833  -2.58232036  0.44754303  1.47535868 -1.16549455]
[-1.369488   -3.02867646  2.68630352 -0.82020936  2.40191322  2.05670403]
[ 0.09658955 -2.09803987 -2.73912534  1.4217462  -2.39033906 -3.00171319]
[-2.4708352  -0.83575942  1.72612256  2.13918993  1.05226939 -2.7300163 ]
[ 1.02350045 -1.23144721 -2.42833441 -1.72900598  1.82514259 -2.81679499]
[ 1.07646161 -0.27283749 -1.9572221   2.67878566  0.53881269 -0.76819732]
[-2.34748984 -1.39489353  0.72776809 -0.527468    0.19672659  1.73339564]
[ 1.54811333 -0.83542626  2.08509297 -1.39768766 -0.39677426 -2.01654792]
[-0.90636843 -1.73539691 -1.9831494   0.90776984  0.17570602 -0.49301274]
[-0.17307004 -0.26782503 -2.33701257  3.08382403  0.28642119  0.39849298]
[ 2.62094224 -0.3163205   1.68615085 -1.58646398  1.44876008  2.52584008]
[-2.58417377 -1.27906604 -1.00888814  1.68565111  2.19625177 -1.30973044]
[-0.05321081 -0.78455046  2.63388441 -2.1774334  -1.70643595  2.81255564]
[ 2.87152784 -0.06207317  1.64689423 -2.81869701 -2.68768588 -0.47076267]
[-1.86497759 -0.4840664  -2.49956931  0.38241457  3.04839955 -0.92074378]
[-2.29719285 -0.03228462  0.17573709  1.22695088  2.75371782 -3.07577199]
[-1.57943844 -2.94478293  2.2007962   2.68215875  1.35689774 -1.79785632]
[-1.5572304  -1.01178162  0.23218648 -0.23155291  1.64630045 -0.88128367]
[-1.88195333 -3.05378488  2.68193405 -1.31797067  0.12890957 -1.94477616]
[-0.77957726 -0.11609987  0.40515823  2.40671799  1.31803415  0.76093599]
[-0.79653586 -0.73019342 -0.11884541 -2.124174    0.95804819 -3.09249374]
[-2.37729284 -1.28635324 -0.83336665 -2.25881209  0.98991855  2.76208233]
[-2.78562505 -1.96672512 -0.70478486  1.37715817 -1.46569488  2.51007173]
[-0.04965052 -1.0032027  -1.86019178  0.38461795 -0.75222228 -0.08806728]
[-2.80253056 -1.81273522  2.20604634 -1.85523389 -1.87201479  0.05222496]
[ 1.58201801 -2.17845075  2.69157189 -1.81194254 -1.80938253 -3.13774567]
[ 1.28263325 -2.4221484  -1.69876331 -2.1541778  -0.1344382  -1.46319453]
[ 0.79613747 -2.05478133  2.41338452  1.09902552 -0.50820295 -2.03884655]
[ 1.89919115 -0.02779278 -2.19132315  1.13780893  1.57692271  0.29137081]
[-1.74905892 -0.63263386  2.30637004  2.12746166  1.09096351  0.29541168]
[ 3.05487787 -1.20936566 -2.88218536  0.07850073  1.38954471  1.01039093]
[ 0.55967942 -1.18269045 -2.89488638 -2.2404771  -1.80604145  1.93638695]
[-1.29694222 -2.67113538  2.73462183 -2.74662244  0.20148987 -2.76353001]
[-1.02658998 -2.2452792  -2.77977311 -0.09419742  0.52529713  0.98898722]
[ 0.22658799 -2.08063875 -0.86918748 -0.62823881  2.12905071  2.97298319]
[-2.43326645 -2.09443246  2.86994388  1.10113533 -1.12401033  0.76813545]
[-2.63599643 -1.04305508  1.09980298 -0.06309677 -0.53487174  2.38325816]
[ 2.58834798 -2.62143372 -2.31489216 -2.92890687  0.10936942 -2.06315446]
[-1.89464184 -3.10581209 -3.02419404 -2.11846923 -2.09321909  1.70443566]
[ 2.90540865 -2.98953552  1.13264692  0.21632737  0.68354889  2.94540422]
[ 0.79258432 -1.71795629 -0.03763866  2.19398744  2.06733957 -1.17760661]
[-1.44843796 -2.29077728  2.07055868  0.13886945  0.90548598  1.28899864]
[ 0.63997363 -0.66381066 -0.80337757 -2.870865    0.03352449 -1.91538846]
[-1.2550051  -1.41269285 -2.1749437  -2.70729844  0.68490914 -0.45675357]
[-1.01291227 -2.10260535  2.4048287  -2.17554791 -0.38219755 -1.05455025]
[-0.98494016 -1.83772639 -1.5749922  -2.1351687  -3.03837     3.09030123]
[ 1.20109797 -2.38482373  1.32381759 -1.20659778  2.35969713  0.93583279]
[ 0.66881126 -2.98534888  0.31132627 -2.5059371  -2.37930955  1.95848125]
[-1.48856828 -0.35705904  0.24866528 -2.0305594   2.67349432  0.61394643]
[-1.36118504 -1.67649551 -0.37741793  2.26432099 -0.92029057  0.53506907]
[ 1.14735686 -2.07867394 -1.61342894 -1.20774545 -1.03692735  0.95810296]
[ 1.56354284 -0.76193755 -0.99813374 -0.6494056  -0.92117083 -2.58501411]
[-0.35767523 -0.47590014 -2.27859882  2.77320281  1.39305533  2.73640266]
[ 0.09488844 -1.06068651 -2.81772388  2.09744435 -1.39947083  0.91196128]
[ 2.26600473 -0.94586331 -0.71990046 -1.67202679 -2.36525874 -2.79179444]
[-2.55854829 -0.72776065  1.57802787 -2.14039956  1.14751525 -1.37942137]
[ 1.90633836 -2.1523826   2.51399685 -1.37937538 -1.29734735  1.09726221]
[-1.4496904  -2.85352096  2.01140233 -1.13017215  2.09847544  1.89646165]
[-0.83507453 -2.88692022  1.38723483  1.96935481 -2.95712375  1.1324744 ]
[ 0.60568815 -1.18997245 -0.74033761  1.1890612   1.47823935 -1.16824378]
[ 1.23023432 -2.70076125 -0.99412413 -0.58875521 -2.49276508  3.00193764]
[ 1.5285026  -0.46550065 -1.14574426 -2.69340631 -1.14772092  1.34321001]
[ 2.38685671 -0.99239468  2.47269589  0.04304056 -1.95099403  1.97443132]
[ 0.18706775 -2.89779035  0.99089757  3.0101305  -0.81855649  2.98546051]
[-0.18573394 -0.10347354 -0.06058868 -1.97383222  2.45534167 -2.93441469]
[-1.69623522 -0.22008834 -0.31913987 -2.05395403  3.13226219 -1.88100107]
[-1.94018594 -0.68719205  0.14977929 -0.81237315 -2.27690635 -0.99349139]
[-1.86176683 -2.81061313 -1.966321   -0.15050164 -2.27957881 -0.55682334]
[ 0.60535983 -2.68868893 -2.95541233  1.94675503  0.81244486 -0.83453295]
[-1.07895848 -0.66753946  0.1227068  -1.00444241  1.38486807  2.24291119]
[ 0.39311784 -1.85962345  2.38452555  0.78258902 -2.65538112  2.97760626]
[ 1.0460632  -0.0459768  -2.86423479  0.72742924 -2.81716767 -2.55954655]
[ 2.9865333  -0.10655722  0.16443073  0.55610847 -0.79654209 -0.0629496 ]
[-0.42630467 -2.12806324  2.85357298  1.11937555  1.3230613   2.58876677]
[ 0.13693525 -1.27499177 -2.02169817 -0.56336785 -2.84935864  2.9781142 ]
[-2.75579656 -1.34892073 -1.05745807 -1.22483608 -1.01346861 -1.91081824]
[-2.6780168  -1.25437836  1.42692235  2.19887147 -0.0806453  -0.62285566]
[ 2.16546669 -1.20364125  1.78628456  1.09457519  1.35875915  2.57308415]
[ 1.53005866 -2.00825096 -2.59219714 -2.48777554 -2.05706083  1.59498281]
[-0.03200774 -0.2374159   0.26315211 -2.43312544 -1.57879327 -3.10018145]
[ 1.24668097 -1.57650264 -0.83225949  2.69160944  0.64856505  0.78822259]
[ 1.91097148 -1.25672359  2.98568635 -2.15133664 -1.3097193   2.98061324]
[-1.0164004  -2.52327822  0.15074187 -1.88338025  1.79001258 -1.60503373]
[-2.67580637 -2.12188641 -0.04332382  0.50007256  2.82409087 -1.87905402]
[ 0.14968942 -0.16481955 -1.80994315  0.27392815  2.00711263  1.11568758]
[-0.42464973 -2.59417661  1.82401152 -1.63213708  0.36493778 -0.08154691]
[ 0.0191762  -1.77203441 -0.70495343 -0.46620125 -0.88754072 -2.95242967]
[-2.85336147 -1.88831596 -1.00916469  3.03079266 -2.83671947 -2.48811098]
[-2.8290386  -2.96667338  0.41792153 -1.97383316  1.75653787  1.42487007]
[-1.63213967 -1.88560415  2.11877527 -2.46639847 -1.63624867 -1.10040236]
[-2.88385751 -2.39984893  2.96826738 -3.01685222  0.09903583  0.65244973]
[-0.8368496  -1.46343627  1.53067296 -1.65122664 -0.4604317   1.66634223]
[-0.6369577  -0.03081693  2.70488348 -1.5936808  -1.13734222  2.14424101]
[ 0.80371576 -2.12095129  1.50364516  2.09370229  1.17763572  0.74447345]
[ 2.91575096 -0.74660667 -2.98277628  2.28717819 -1.9486777   1.7581281 ]
[-0.92813653 -1.68339374  0.74586323  1.2520619   2.18015698  0.15048215]
[-0.42346844 -0.27629576 -2.51598748 -0.17728748 -2.22228893  2.81468461]
[-2.41566071 -2.41483449  1.23417659 -1.26744728 -2.02810007  0.73928508]
[ 1.73152823 -0.14765344  1.61670012  0.88327238 -1.07677031 -1.12810372]
[ 0.4031378  -2.90012275  2.55953317  2.12694102 -1.55332011  2.52648961]
[-2.39698709 -0.73312141  3.00863382  1.29836057  0.11080373 -0.82568804]
[-3.0530727  -2.97310746  2.18562629  2.34797877 -1.81169636 -0.01719874]
[ 1.49542348 -1.79439587 -1.70216761 -2.05822643 -1.39186354 -2.09695809]
[-0.13853723 -2.4680591  -2.9460191  -1.31286834  2.91920408 -2.69095694]
[ 1.85023921 -1.66622332 -1.54591346 -0.37216215  2.23404182  2.90180394]
[ 0.33755158 -0.0426043  -1.54223181 -0.24141134 -0.02712956 -0.10840413]
[ 1.64732435 -1.64286025 -2.4762452   1.4014176   0.11717009  1.85902826]
[ 1.72363965 -0.79488588 -0.82922211  1.16873338  2.83332225  2.52270253]
[ 2.75601748 -0.68027103 -2.53953358 -0.92347696  0.7360566   1.97558874]
[ 0.80571195 -0.2764377  -0.27753532  0.02979682 -0.33736385  1.62101721]
[ 0.64769384 -1.11376971 -0.23690286 -0.07024449 -2.13908036  2.92175451]
[-0.87650851 -0.78350565 -0.71763484  0.05086836 -1.06918291  0.2871756 ]
[ 1.84611812 -2.3032429  -0.02159258  1.50184589 -2.51525182  1.58158967]
[-3.04847846 -1.09604182  1.47533071  1.01745261 -3.10162757  1.88924267]
[ -2.21820061e+00  -1.32861694e+00  -1.48940471e+00  -2.84157553e+00  -1.42385161e-03   3.39432322e-01]
[-1.25439781 -1.95209218  2.6982394   0.7784909   2.25527959 -0.39453181]
[-2.71873764 -1.0888011  -1.56454673  2.76343709 -1.07346726  2.73193296]
[ 1.38534276 -2.63402471 -2.49395709  2.04153452  0.75945961 -0.80699835]
[ 1.57394944 -1.21036421  0.24721181 -2.08691811  0.50932982  0.21040801]
[-1.43190236 -0.01446817 -0.28467147  3.13208714 -2.13624482 -0.13211301]
[-2.60303437 -2.53226011  0.80182179 -1.57295987 -1.95119564  2.75334178]
[-1.41855842 -2.86365668 -0.8909039  -0.18607876  2.98342065  2.94946684]
[-1.0446879  -2.12149551  0.09067886  1.29625461 -2.47371476 -0.73251804]
[-2.80900218 -0.97400722  0.13428101 -3.03801434 -0.98816018 -2.43063438]
[ 0.55080708 -1.29337775 -2.68005952 -3.07294571 -2.74768218 -1.5297532 ]
[-2.63788227 -0.21413698 -2.26897012  0.5872228  -0.91680905  0.20351987]
[-0.84907043 -2.30454377 -1.54433743 -1.19262866  1.72611967  0.99377086]
[ 3.05042513 -0.51376678  2.12290981  3.07479373  0.72682009 -1.3272027 ]
[ 0.89560035 -2.61916949 -2.33157128  2.6586808  -0.81096568  2.42330553]
[ 3.08117405 -2.66497174  3.0309195   2.73555434  0.07426518 -0.59641172]
[-0.71612841 -2.68477402 -0.5685069  -2.91588126 -0.58718351 -0.27333613]
[-3.09653122 -0.35912845 -1.45862375  0.17751662 -2.33989137  0.92188117]
[-1.53421829 -0.04388529  1.10405619 -0.31937331  3.02245751 -0.04337619]
[ 2.97840322 -1.36860039 -2.03434893 -0.46525819 -0.7013984   2.24113078]
[ 0.91880638 -0.03986064  0.18920786  1.15955145 -1.88176897 -0.20444034]
[ 2.11635627 -2.3758766   2.27953036  2.51609463  2.55505726  0.83781811]
[ 0.6423805  -0.27420207 -3.11727346  1.5938546   1.76083138  1.84784436]
[ 2.69744991 -0.77382444  2.24148447  2.7782599   0.5563023  -0.34057215]
[-0.73131449 -1.60511098  2.8142394  -1.66915652 -0.31117806 -2.28918507]
[ 2.92799494 -2.28748507 -2.06018737  0.12601883  1.01921447 -0.99681951]
[-2.43380408 -0.43117229 -1.8377202  -0.17977171  0.51973239  0.69050934]
[ 1.5844266  -2.09968417 -2.65492008  2.87255357  2.97504196  1.6496466 ]
[-0.17690412 -0.09400679  1.610011    3.12587193 -0.94753185  2.5645938 ]
[ 2.33967221 -2.86944655  0.3990828   1.92911263  1.09193036  3.05617726]
[-2.96069369 -2.68368024 -0.5332949   2.8305321   2.48355768 -2.37648181]
[-0.97605624 -0.77714551  2.09958384  2.68550418  0.75317629  1.50618739]
[ 2.27172278 -0.99000284 -0.30905676  0.84573031 -1.77053391  2.52675826]
[ 2.86882002 -2.54413121  2.28582513 -0.00510435 -2.66329091 -1.3955827 ]
[ 0.00680434 -2.75509222 -0.51920447 -3.05065253 -0.30740207 -2.97062479]
[-0.48573959 -1.85487383  0.54582167 -2.91007101  0.02032129 -2.35849516]
[-1.79517801 -0.98283335  1.79562378  1.97403222 -1.28618512 -1.60505352]
[-1.30783921 -2.69248088  0.48849002  0.90437468  0.12226085  3.0394901 ]
[ 1.02330437 -2.58438316 -2.74778874  1.73831159  1.17420021  0.99914887]
[ 1.7532879  -1.46750376  0.90168113  0.82422786 -2.8663308  -0.40404773]
[ 3.04062728 -2.39259164 -1.51725514 -2.05652042 -2.53501572  2.33708753]
[-2.16778014 -0.86310664 -0.70098842 -1.85805106  0.68053898 -0.27198277]
[ 0.56954418 -2.03255983 -0.39592004  2.88145854 -1.17914777 -2.28512651]
[ 1.93659295 -0.08320752 -2.08422154 -1.11411229 -0.85846113 -2.58944193]
[-0.38153145 -1.59970473 -2.16051901  0.9798014  -1.72021024 -0.95390435]
[ 2.43756115 -2.30858372  1.51047306 -0.0325016  -0.42690613 -2.59676853]
[ 2.50319647 -2.99635412  2.53869962 -1.37504377 -0.90673656 -2.59479785]
[-1.17283563 -2.47413141 -3.11413062  0.0181051   0.07972114 -0.62152154]
[-1.23945382 -1.70102914 -3.07580363  2.31992578  0.88618517 -0.19968158]
[-2.89770075 -0.86916322  0.81702057 -0.75300542  2.3315218  -1.87849441]
[ 1.12413131 -2.13218472  2.46269237 -0.76439324  1.18489914  1.46900078]
[ 1.06605366 -0.10777687 -1.22471423  2.97199259 -0.27826759  2.85094604]
[ 2.00308334 -0.61282961 -0.28046824 -1.13168645 -1.58360564 -1.34208645]
[-0.35563473 -1.50695832 -0.72222576 -2.46919034  0.94577028  2.05785295]
[-1.00945566 -1.25563545 -2.28012086 -1.56723482  0.72092915  2.33042707]
[ 2.17510003 -2.72490418 -2.19190534  1.90905467  2.97620388  1.8934591 ]
[ 2.81671426 -0.50418564 -0.70649746  0.20666524 -2.10731072  1.61935799]
[ 0.83262789 -0.04907635  0.22862549  3.0332138   0.73394548  1.09107741]
[-2.68315775 -1.74940152  1.78160803 -1.58432594  2.45693062 -2.39774042]
[-1.25388318 -0.33099109 -2.03215094  0.58093784 -2.3864247  -0.68918391]
[-0.03000322 -0.63288951 -1.707467    1.27302706  2.96925865  1.02501759]
[ 1.02985768 -2.35770236  0.25943305  1.48994304 -1.6340703   0.57654154]
[-0.28261853 -2.27761403  0.60014072 -1.93242755 -0.88577425  0.69461866]
[-2.75093329 -1.97220572 -2.98405396 -2.76695143 -0.09034112 -1.94988081]
[-2.17058794 -1.73590035  2.54961673 -1.84188594 -1.9999974  -2.96039441]
[ 0.16002435 -3.12790625  0.05160788 -0.8481654   1.91513314  2.81885716]
[ 2.71507846 -0.35479274 -2.62227332  0.73420694  0.94812586 -0.83424481]
[ 0.37641769 -2.32944122  1.18762479 -1.92220216  0.17634117  1.0224248 ]
[-1.89507684 -1.43137248  2.73771459  1.39450562 -2.38281914 -1.20972553]
[-0.84185164 -0.4383209   2.21063823  3.08302629  1.27252715  2.23107543]
[ 2.28067503 -0.36510406  2.98034369 -2.08725997  0.2857777  -2.93073268]
[ 0.04059849 -2.24892403 -1.02052242 -2.50062436  0.55003105 -1.03334081]
[-1.99344011 -0.15754538  1.39323952 -1.21008517 -1.63647191  1.29355904]
[-0.20606115 -1.59370621  2.09257664  1.66858725  2.71516762 -0.46798824]
[-1.43330654 -1.42383353 -2.81418542  1.31966677 -0.03223723  2.71345661]
[-0.2696608  -1.80639679  0.56159642 -1.13496524  0.55205653  2.18918175]
[-0.10974863 -1.40956407 -1.18373278  2.71053458  0.9423473   1.31738055]
[ 1.01101396 -2.28650676  2.1158294   2.814859   -2.48892942 -0.74946914]
[ 1.39138337 -2.19931654 -2.61152613 -1.16369736 -2.6947993  -0.50995134]
[-1.93375202 -2.80514231 -1.25155858 -2.06336467  1.3133704   2.86215581]
[ 2.12042093 -0.3256734  -1.29878937  2.21833839 -2.01390794  2.48454314]
[-0.55335206 -2.33778868 -2.8344663  -2.07337454  1.47205308  0.60781947]
[-3.11915623 -1.61497429  2.48391308 -1.32357081 -0.81708813 -0.12111097]
[-1.23474915 -2.13810178  2.34425877 -1.05532525  0.88121833  0.50027831]
[-1.49752298 -0.52589054  0.03558501 -2.65236238  1.17488608 -2.0993838 ]
[-2.87736671 -1.00226599 -2.23193074  2.49813051 -1.4981686   1.76893933]
[-0.52648476 -2.34763031 -3.1339711   2.26871677 -1.77716035  1.83337455]
[-3.05183582 -0.92650649 -0.61241969 -0.66095276  2.56302542  0.86101572]
[ 0.74159394 -0.83885736 -0.27566614  0.77790099 -0.11904684 -1.97958036]
[-2.90631919 -1.80930734  0.5568368   2.99242319  2.52407508 -2.77165498]
[ 0.15454672 -2.45436823  2.95212918  2.40760249  2.24179183  1.82365396]
[ 1.53557028 -1.55261479 -0.82563742  2.60172731 -0.93709381  2.95836998]
[-2.26355665 -0.04029468  1.60783929 -2.53532061  2.05093844  0.31439058]
[ 1.73363933 -0.57782226  2.81314746  2.3785037  -2.24263015 -2.72402457]
[-2.06338387 -1.13686905 -2.32114795 -3.09031583 -1.08642142 -2.95951583]
[ 2.71630842 -2.66523045  1.15763772  0.00317202 -1.99874486 -0.23516359]
[-2.62620289 -2.02964635  0.98298864 -0.79149693  1.49667355  2.85083612]
[ 0.81108602 -2.00325489 -1.63001269  0.0663396  -1.2067822  -1.85647678]
[ 3.11679036 -2.21565654  1.91203211  3.04503444  1.03676592  1.20010426]
[ 1.69533497 -0.55690624 -1.59897772 -0.20452092  2.14128936  1.29627629]
[-1.84057889 -2.198111    1.33801372 -1.00239158  0.75827644 -1.87319316]
[-2.35359552 -0.73127666 -2.75188947  2.06128134 -1.94965064  2.31595365]
[-0.8049391  -2.93546518 -0.84917578  0.98917289  0.4568045   1.69067716]
[-3.09012882 -2.8850769   2.13129849  1.26437959  2.12252889  2.28798702]
[-1.78281922 -1.80464218  2.0784482   2.36358646 -0.4025025  -0.63630372]
[ 0.06740101 -1.72459394  1.28829644  2.28580577 -0.82239584  3.12706639]
[-2.37421913 -0.59737732 -1.05551698 -1.4717518  -0.22927805  2.53709111]
[ 0.54017501 -2.06964229 -2.20609035  0.19985788 -3.09565752  0.67904145]
[-0.64241435 -1.10347252  1.9247069   2.74958657  2.72328325 -0.23582702]
[-1.3839103  -2.62203953 -0.02452564  2.25075138  2.80821424  0.53027596]
[ 2.03021136 -1.7229882  -1.90944581 -0.29598921 -2.05274365 -2.24623511]
[-1.04818902 -2.86250204  1.6065643   2.51458705 -2.5940282  -1.77596383]
[-0.84253532 -2.81589413  3.03581846 -0.3046458  -2.39046249  2.99359476]
[ 0.3966095  -0.35247799  0.94906294 -0.21732098  2.30485117 -0.09525875]
[-2.63616821 -2.59863908 -1.49263006 -1.77540243 -0.59634328  2.84671138]
[-0.49545253 -1.00741184 -1.29284916 -1.96517271  2.40665466  1.63869916]
[ 0.25094128 -1.36249724 -0.69029888  0.70798577 -1.47803823 -1.31207414]
[-2.26863651 -0.90674795 -0.37016167  0.27590923 -0.96708559 -2.76300402]
[ 2.0885317  -1.9706812  -1.28320698 -0.76678704  0.97972895  2.34975379]
[ 2.33433826 -1.92417526  1.81627273  1.02768229  0.64387591 -2.60744691]
[ 2.3159619  -1.37202349  0.73411604 -0.38134311 -2.54719073 -2.51384322]
[ 2.48296546 -0.79959942  1.04875473  2.42552308  2.38130221  0.58294661]
[ 2.97295152 -0.06231051  2.1724006   2.20114397  2.25329686  0.44116176]
[ 1.09304344 -2.38657886  0.10177102 -3.09790643  0.10271395 -2.67917279]
[-1.23482533 -2.33620294 -2.89424638  2.61009124 -2.39173177 -0.12970451]
[-3.08378414 -2.57244097  0.19291731  0.98582808  0.44482898 -2.31567598]
[-0.64931695 -1.25477558  2.3710623   1.86818503 -0.95240528 -1.74523956]
[ 0.82114711 -0.2024292   2.11828645  2.51452334 -3.04182276  2.99700434]
[ 0.79713517 -1.61398907 -0.77426449  2.88014485  2.26072374 -1.30675305]
[-2.49573944 -1.60481279  0.50594468 -0.58373748 -2.02205074  0.46609776]
[ 2.60727264 -0.81836951  0.83544883  2.50489707 -0.13219507  0.75299038]
[ 2.18247742 -1.16024658 -2.52747303 -1.80605983 -2.85638432 -3.11486601]
[ 2.18501123 -1.72120891 -1.5065365  -2.08994728  1.26967179 -2.02620303]
[-2.83432869 -1.52842411  2.17367013 -2.33920967 -2.97513866  1.37207213]
[-0.70602514 -0.40934144 -2.76509051  1.58302728 -1.18637046 -0.69108742]
[-2.42187917 -3.12498673  0.87151262  2.87518418  1.9590043   0.01391764]
[-2.07882657 -2.68324866 -2.62058296 -1.30746346  1.11017431 -1.50150276]
[ 2.01237695 -1.01354516  0.88862742 -2.11327662  2.85983557 -0.52432716]
[ 3.00531035 -1.61580152 -2.43197057  0.86296418 -2.15673021 -1.37045391]
[-0.96985854 -1.57107589  2.52724842 -3.04651793 -2.28463018  2.82307348]
[-2.61991294 -0.22910462  0.0344194   1.8163602   1.15622684  1.05575106]
[-1.36876013 -2.48026458  0.34682597  1.20918417  0.02898697  2.00143505]
[-1.80695482 -2.77215456 -1.30201193 -1.7048989   0.03312316  2.99239151]
[ 2.10852511 -1.18812792 -0.93617873  0.94784887  2.74252508  1.04105795]
[-1.20177123 -1.4436919  -1.32934374 -3.00662918 -0.66138058 -2.55557078]
[ 2.82188304 -2.34461361 -0.01033302 -2.50235197 -2.20075889  0.15719977]
[-0.09721897 -0.79178502 -2.29925253 -0.28575011  0.08860198 -2.41299654]
[-2.53970342 -1.32067988 -0.35681059  0.51741214  2.82660907  1.23535468]
[ 0.40145698 -2.08378103 -1.87699278 -2.13937665  2.44742203  0.5517182 ]
[-1.56601645 -2.58773323 -1.90543992  2.21097736 -1.37496265 -1.96431216]
[-2.3833936  -2.4028657   0.961885   -1.51568655  2.54490208 -1.43876139]
[ 0.10025532 -1.87587644 -1.22122851  2.49012514  2.75642023  2.39821857]
[ 0.03787302 -1.92342241 -2.50036493  2.98949094  2.60094492  2.72756395]
[ 0.22904616 -1.9837732  -2.27781332 -1.36102055 -1.65574476  2.60573518]
[ 0.50435766 -0.2891775   0.69324976 -0.55226772 -0.77436629 -1.14310171]
[ 0.10753304 -0.09029892 -2.68108258  1.28474783  0.91553018 -1.69410341]
[-2.07819673 -1.21312183 -2.01007653 -1.44640486  3.02094698 -2.34394436]
[ 0.90917294 -1.35785258  1.69150729  2.95001925 -1.14477067  0.31790298]
[ 0.03765721 -1.18805478  1.73555391 -0.53218513  1.97147127 -2.79427781]
[-1.82613921 -1.43344493  0.52594859  1.73994654  0.43006585 -1.22879462]
[ 0.24088032 -2.08079466  1.85376878  1.79998415  2.29446989 -2.26795738]
[-0.0648678  -0.64157595  2.96072242 -1.31030497  0.45647735 -0.62394877]
[-0.07866236 -1.6789265  -1.79895578 -1.16137067  3.12365914 -2.8801357 ]
[ 2.0589183  -0.63994972 -0.17635152  2.98321579  2.22789417 -1.56384393]
[-1.50592553 -2.80064339 -0.07148266 -2.68865963 -0.81801226  0.91297309]
[-0.67185327 -0.86012765 -0.26503952  2.57103668  1.95333549  0.15919243]
[-1.28157134 -2.95456668 -1.71051448  2.38814394 -2.56044729 -1.08958848]
[ 1.04339655 -0.04531498 -3.0659896   2.23555018  1.25583272  0.85910164]
[ 0.69044668 -2.84442306  2.57158779  1.67367222  0.27451204 -1.74907879]
[-0.15978748 -0.37704085 -2.88957033 -0.50757581 -2.08683782 -0.66616712]
[ 0.44978245 -2.51610418 -0.83675434 -0.27723203  2.19399403  2.45026961]
[-3.13435622 -3.07086773  3.12790538  1.05554162  0.91247175 -0.9214704 ]
[-1.01988317 -2.94408152 -2.63426673  0.10717038 -0.98252194  1.58471063]
[ 0.36957716 -2.48896369 -1.39823141 -1.62770124 -1.80332232  2.20449044]
[ 0.0451565  -2.72513636  0.58205384  2.82086844  1.69335277  1.01766372]
[-1.25668904 -0.62904003  1.39992376 -2.25167315 -2.76272791  0.44288988]
[-2.43668045 -1.7986746   2.10676338 -1.56168071  2.83103934 -1.42856103]
[ 1.11514974 -0.19080032  0.67636168  2.85842936 -2.55423585  1.37623876]
[ 0.7068539  -2.10553363  2.81932628 -0.84460112  2.88669137  0.6968076 ]
[-1.52532005 -2.01094243  2.6327309  -1.7679442   0.93079715 -1.24946032]
[-0.49270209 -1.32466556  0.53799695 -2.40535334 -1.10742304  0.65344281]
[ 1.62956761 -1.92402247 -1.12075513  3.09182987  1.83384115  0.90051306]
[-1.38953583 -1.00786391 -1.50454063  1.42480741 -2.80373374 -0.40740529]
[-2.98924559 -2.92733789 -2.72402087  3.09158612 -2.98472417  2.47018931]
[-0.88630868 -1.07316973  2.0391157  -1.99426505  2.46068142 -1.50076092]
[ 0.66957928 -3.09011568 -1.37889542  0.77505783 -1.54008526  0.35757625]
[-1.38785676 -2.89630566 -2.02968915 -0.07129369  1.41053466 -2.86865007]
[ 3.04845527 -2.12469818  1.77047951  3.1146664   2.67101516  0.49213054]
[-0.47150539 -1.37360141 -0.44748062 -2.84973941  0.56740742  0.69948221]
[ 1.40767883 -1.60321715 -2.34727442 -1.62107295 -0.59096327  0.71656523]
[ 1.89750972 -3.00449289 -3.07722995 -1.40610183 -0.22830217 -2.40180212]
[ 1.92626801 -1.6164484  -1.04141064  0.72639633  0.48691376 -1.71453356]
[-0.05661515 -2.82277131  2.96503536 -1.83808619 -2.86064306 -1.6165103 ]
[ 1.71669496 -0.76469478 -0.71634174 -2.83658832 -2.39801624  0.79599901]
[-1.95872986 -2.16285834  1.2049644   1.15109511  1.04617149 -2.89822504]
[-2.12674179 -2.2350111  -0.08962075 -2.94526551 -2.57958757  3.06020806]
[ 0.88492906 -3.0080231   2.33106717 -2.88215543  2.81330898 -1.43211933]
[ 2.40166051 -1.63053041  0.32646101 -0.30510192  1.25061119 -2.25675254]
[ 2.29504118 -1.81963491  0.46176347 -0.71821051  1.42889337 -2.52897034]
[ 2.13971875 -1.56576559 -1.03914923 -1.771166   -1.31661398  0.80889363]
[-1.2292717  -0.23901864 -2.53392217 -1.22544838 -2.53234467  0.61900074]
[ 1.50226883 -2.75311411 -2.9738016  -1.82410892  2.04723437  2.26706939]
[-1.27986356 -0.81625331  0.79006055 -0.94271598  1.73343946  0.33728942]
[-0.63155417 -1.01624778 -0.4089439  -1.86178433  0.602636   -1.27050168]
[ 2.10720596 -0.90737806 -0.34398042 -3.00411184 -1.02652239 -2.5008113 ]
[ 2.5838192  -1.3381289  -2.25479102 -2.30859539 -1.05445746 -0.60053771]
[-0.93227627 -2.31435437  0.52582462 -3.11509817 -1.90622709 -2.43612634]
[ 2.8740825  -0.13584425  0.19889369  0.22766682 -2.65008072  1.90632989]
[ 1.97049763 -0.71436092  1.4551287   2.29285177 -0.79961659  2.72314291]
[-1.77423746 -0.2949454  -1.78293883 -1.88046448 -0.69561355  3.11135229]
[ 1.28131999 -0.77565713 -0.35656014  2.63700134 -1.00262362  0.79589577]
[ 2.93068033 -2.91402105  2.30043504 -1.5344137   2.16169792 -0.03394005]
[ 2.69941488 -1.91018436 -0.09332031  2.25997239 -2.29426244  1.81300642]
[-1.873996   -1.14270213  0.43402883  0.0499553  -2.04315564 -0.26724336]
[ 2.43456451 -1.49400977 -0.39321785 -1.23153122  2.41913077  0.08275158]
[-2.53385655 -0.37801287 -2.30091181 -1.69402433 -1.43841997 -1.69147509]
[-2.87602488 -2.18799328 -2.31540137  0.69480261 -1.87926851 -2.48764934]
[-1.50595071 -0.35296793 -2.03857477 -1.14082372 -1.71655038 -0.42915874]
[ 0.31560058 -0.41199694 -0.44680728 -1.91919753  0.55951093  1.98327187]
[-2.75939141 -2.12547911  1.90922157 -1.25564917  2.02907856  1.46226784]
[ 0.66574036 -0.13508377 -2.82550702  2.379837   -2.44306062 -0.84080604]
[-1.01468354 -1.51650414  1.26894648  0.11570501  0.94325573 -3.04547466]
[ 1.76547761 -0.73855018 -0.6412561   2.61030236  1.76506703 -2.1131833 ]
[ 0.33952451 -1.34534917  2.83617183  1.52462957 -2.29920138  1.44122046]
[ 1.194492   -1.59520373  1.1145655   3.01732957 -0.29778493  0.61647886]
[-1.67142716 -2.54467372 -2.6875628   0.93890393 -1.05737666 -0.39012944]
[ 2.73981512 -0.17171486 -3.05992704 -1.21477094 -1.39559746 -0.82910072]
[ 1.18211847 -1.19447393 -0.39855129  0.8994074  -2.94186552 -1.36118452]
[ 1.74284965 -1.283222   -2.41516526  0.42244882 -2.99998849  1.39298962]
[-0.10866806 -0.37729808 -3.07345519  0.21604699 -0.27128834  2.86747528]
[-0.46885255 -2.2535089   0.52371661  1.59972415  1.04706271 -1.81045786]
[-1.04765047 -0.03377338  1.16253363 -2.52677392  2.10074987 -0.81607502]
[ 0.60687115 -2.86006122  0.06440732  0.98774031 -0.66210389  2.81231657]
[ 2.99784167 -1.70233016 -2.0926626   1.155967   -0.97965313 -0.88677787]
[ 0.05034597 -2.61289855  0.81683009 -3.09228716 -0.19705624 -1.71038665]
[ 2.96631721 -0.60577062 -1.87633947  2.2763377  -2.39548039 -2.48201145]
[-0.41938347 -1.04507733 -2.06503534  0.28913145  0.68670388 -0.69037849]
[-1.50759583 -1.95977411 -2.99616494 -1.56927027  1.9348067  -1.72301203]
[-2.87683152 -2.65997739  0.99767423 -0.72184483  1.36651261  1.28680534]
[-1.02453014 -3.09327177  2.48616304 -0.84241322  1.44161725 -2.78021362]
[ 2.29078109 -2.78973301 -2.11694056 -2.2142178  -2.75477856  0.01323916]
[-1.77377662 -2.27930621 -2.15377019 -0.82046762  0.45913031  0.99711771]
[-2.40076467 -1.00714144  2.69345562 -3.05140786 -0.39467573 -2.57408169]
[ 1.58585157 -0.8963838  -0.81665496  2.346319   -1.26239509  1.42561145]
[-1.03319016 -1.87770644  0.87090786  1.58497992  0.58916914 -2.95350682]
[ 1.0170458  -0.49625526  1.24856673 -0.44044511 -0.42099597 -0.84341353]
[-1.79337875 -1.33518434 -0.65385152  0.86386352  2.71031775 -0.97996019]
[ 1.06738587 -2.55929651  0.27764337  1.78246513 -0.89196666  2.51554972]
[-2.14621785 -1.47544108  2.18895359  0.43763723 -3.10028838  1.48930504]
[-2.18551424 -1.31232307 -0.4925384   1.00102599 -2.06734958  2.55583144]
[ 1.19230349 -2.76631272  1.74934091 -3.03603837  1.55543504 -0.02306787]
[-1.86961459 -0.26517488 -2.57491442  2.86297983 -2.98210111 -2.49237842]
[-1.17285186 -0.78628098 -2.35163398  2.70331761 -0.90623292  0.44730059]
[-0.35869921 -1.08797025  2.62981145  1.2322217   0.87840465 -2.56765923]
[ 1.58372403 -3.06518797 -0.46094343 -1.59420779 -0.12941161 -0.1564481 ]
[ 2.02871682 -2.33371595 -1.76117434 -0.88657678 -2.58966357 -3.04972977]
[-1.85641519 -1.76444701 -0.29162768  2.15514791 -2.2837955   1.7618789 ]
[ 0.74902019 -0.05003912  1.13331532 -0.60342168 -1.88004574  2.89270844]
[ 0.16939245 -2.49667323  2.28843044 -0.19404615  2.76086013  1.60076102]
[ 2.0378776  -2.91762407 -2.87712366  1.45575668 -2.89482087 -1.66535677]
[-0.89024063 -0.60151589  2.39397434 -3.09997801  0.88837026 -2.26426924]
[-1.71642604 -2.30779843 -0.68294745 -0.07781185 -1.61155727  2.40499288]
[ 0.73129001 -0.56773293 -2.15467945  0.46814724 -2.83819263 -2.3561149 ]
[-0.07871821 -2.24847818  0.55211676  1.424558    2.1176408   1.06920021]
[-0.10734733 -0.15224567  2.14381721 -2.57098005 -1.44791826  0.37598993]
[-0.63076309 -1.34737686 -0.72241767 -0.3425944   1.61315831 -1.33075977]
[-1.37872483 -0.3331831   2.7084546  -0.81359535 -0.55980811  1.35808422]
[-2.24963181 -1.64262888  1.32164123 -0.19976736 -2.11985594  2.31897634]
[-0.11159765 -0.85688246  1.51872931 -2.18712526  2.67630901  0.94375189]
[-0.33918305 -2.15978573 -1.11342299  0.95083942 -2.06100894  2.03161985]
[-0.22790782 -0.20717909  1.44933643  3.05627253  2.54256991 -2.20376336]
[ 1.24559424 -2.00531099 -2.77045111  2.35326308 -2.65649779  1.30979961]
[-0.52720051 -2.50775196 -0.39031101 -0.66029412 -0.19906219  0.02444806]
[-2.12519072 -1.37303638  1.25476932  1.74051298 -1.9149205   3.10796395]
[-2.03702516 -1.94286444  0.70517625  1.09104451  2.91747484  2.74227272]
[ 2.70702477 -0.6167605  -0.05096821 -2.54131536 -0.4158026  -0.38242248]
[-3.01761524 -1.18895048  1.0002895  -1.00104773 -3.09424562  1.21710427]
[-2.01672995 -1.29631757 -0.32448906 -1.67238802 -0.33552207 -0.80663748]
[ 1.9875285  -2.08859897 -3.13851155  0.16095557  1.55272561  1.13408135]
[ 0.65025067 -2.00682709  1.37189395  1.53419284  0.24964167 -0.9633612 ]
[-0.28261562 -0.15401608 -3.05246619 -2.35637332 -0.84176269 -2.6774033 ]
[ 2.92542439 -3.06947922 -2.94674867 -0.48957417  1.1866333   1.73925695]
[ 1.70783331 -0.2989348   1.01510501  0.35859044  2.95052116 -0.40304192]
[ 1.63427215 -0.39563718  0.88947426 -0.40146232  3.12318659 -2.93545291]
[-1.16867649 -0.5977758   0.28566036 -0.09926319  0.40469597 -0.59011255]
[-0.92633908 -1.09838283  1.13039546 -3.10033174 -0.88856152 -1.26726248]
[ 2.52424351 -1.67461504  2.64252262 -3.06131017 -2.01933933  2.28935157]
[-2.34634212 -0.64921424 -1.02050111 -1.62552246 -1.99132262 -0.79969127]
[-2.41974707 -1.27780343 -2.50294897  2.3388513  -1.3518371  -1.34791787]
[ 0.10482846 -1.26824301 -2.81069879  1.85179098  1.6551258  -2.13642752]
[-1.51568341 -0.22030985  1.84613375  1.66849318  1.82272349 -2.44178647]
[ 2.15660013 -0.54282778 -1.67142683 -3.13420883  2.81343045  0.75214276]
[-2.98093407 -2.92135559  2.06647665  1.997323    0.18411224  0.78110927]
[ 0.77082993 -2.5963258  -2.67165525  0.53551157  2.18887282  1.26121505]
[-0.29794482 -0.15958167 -2.50162496 -1.50896205  1.37768645  2.14108523]
[ 2.04670284 -1.17330784 -1.7421062  -1.03757467  2.48974595 -0.41892843]
[-2.77254278 -2.46876795  2.05104359  2.45632754 -1.46882583  1.37943122]
[ 2.7451704  -1.64808131 -1.46543545 -0.16322785 -0.51792686  0.06248038]
[-0.18432958 -2.98348584  1.40204605 -2.70343738 -1.21894009  1.09482701]
[-1.67892338 -0.18392419  1.93714194 -1.01844831 -0.41872324 -3.12792642]
[ 0.43527214 -0.99734045  2.45542572  1.3223503  -2.72292369 -1.87613804]
[-2.88612241 -2.66887954  1.16005697  2.75792153 -1.41978141 -0.43548651]
[-1.33430063 -2.57781554 -3.00795316  0.28761458  1.08408232  1.97195747]
[-0.07369556 -1.25922024 -0.85457922  0.73540811  2.83394161 -1.70329867]
[-1.88399188 -1.79107035  0.78041213  2.92210941 -3.00644099 -1.15203279]
[-1.94409365 -0.74232738 -1.67454008 -1.78712737 -2.99051401 -0.84405368]
[-0.55876089 -1.22547743  0.25282168 -2.51542375 -2.53511116  2.59335333]
[ 3.07446141 -0.19512264 -2.14921367 -0.62474559  0.61106006  1.19207677]
[-3.12292591 -2.14985225  0.56509767  0.37286075  0.90523347  2.78718355]
[ 1.17138752 -0.21407457 -0.77858706 -2.0688526  -2.43327403  0.76314695]
[-2.20929548 -2.09327317 -2.06622658  1.00303332 -2.21741286 -1.09898294]
[  1.14256650e+00  -8.87030866e-04   4.89987130e-01  -3.62221427e-02  -7.13231534e-01   2.76143626e+00]
[-2.80527065 -2.92794668  2.61188669 -0.12707564  1.24563855  0.31695953]
[-0.95480628 -2.57088143  1.24929821  2.55304992 -1.44545892  0.13625274]
[ 1.45847892 -2.01673922 -2.63926447  3.04019348  1.39147731 -2.86996606]
[ 2.95761663 -1.74780904 -0.61219646 -2.19574376  0.03594716  2.28041274]
[-0.29141926 -1.25194719 -0.57400908  0.11963836 -2.46367444  0.58654551]
[ 2.53030343 -0.12055282 -0.63279076 -1.43129173 -1.74124677  1.45433539]
[ 0.50417813 -2.20240272 -2.40769031 -1.2768497  -0.39051562 -2.34833425]
[ 0.68391345 -2.27971479 -0.49459397 -3.01552513  2.42225649  2.5844252 ]
[ 0.02157135 -1.49835488  1.9810058  -0.94833553 -0.48771439  2.68696392]
[-2.34913618 -1.30033981 -2.1940052   1.10710891 -0.2796635  -2.4950755 ]
[  2.40859610e+00  -1.40105466e-03   2.94457168e+00   1.88289013e+00   3.69006632e-01   2.15120794e+00]
[ 3.04970613 -1.92349125 -2.97889612 -2.05418161 -2.6741718  -2.439098  ]
[ 1.18205272 -2.63712939 -1.24010288  1.62686521  2.2037265  -2.18824009]
[-3.0205362  -1.0788607  -3.04694503  0.42912414  1.39244422  1.87202687]
[ 1.82275236 -0.2871966   0.74606892  1.9117114   1.59295331 -2.33000969]
[ 2.05155057 -0.55796954  1.74706815  0.57076961 -0.04949491  0.97257768]
[ 1.20914423 -2.17126161 -2.538328    2.47177251 -2.13438168 -2.37957368]
[-2.25869331 -0.32518705 -0.98678662 -1.99184247 -2.21882331 -1.81469442]
[-2.7149808  -0.3004004  -0.32380622 -0.49159369  1.5473621   3.10194842]
[ 0.91176611 -2.08783675 -2.49668441 -2.56932803  0.89077466  2.77050537]
[ 0.37149006 -2.02061465  0.68463934 -1.19135324 -2.31887762 -1.2432038 ]
[-1.18770904 -1.55991179  1.54653623 -1.30996435  2.30522965  3.05253412]
[ 1.5028384  -0.00756797  0.61325442 -0.42043488 -2.0721848  -0.93244281]
[-1.62993583 -0.67867202 -2.14156753  0.696565    2.78239487 -2.47648205]
[ 3.01150436 -2.39365452 -1.8131818   1.58969237  1.65003876 -2.96543168]
[-0.63575045 -2.89718862 -0.88975577  1.04919611  0.9159127   2.8908048 ]
[-2.72851184 -0.97976462 -1.4557477  -2.2208684   3.09102367  1.88578985]
[ 1.79666524 -0.29405468 -2.31813629  1.32695342 -1.37983385  0.36896183]
[-2.00515489 -0.9947574   3.04117829  2.88896792  2.31896432 -0.81748786]
[ 2.78674116 -2.82442949  2.66763141  1.37583456  1.15302485 -0.65351862]
[ 2.18092136 -0.29794729  1.6938527   1.11290755  2.33399242 -2.87194319]
[-0.98832658 -1.14515976  0.69185522 -0.56534658 -2.64260814  2.62400589]
[ 1.66243417 -0.87422738 -2.59757345  0.67276632 -0.50964093  1.5754501 ]
[-1.00511806 -1.4968207  -1.7423282   2.77814091  1.98721384  0.7138015 ]
[ 2.55220736 -0.32975328  1.87846092 -0.25903818 -1.56218665 -1.01463724]
[-0.79181848 -1.07102788  1.13865211  1.83420175 -0.41391065 -1.89049161]
[ 2.0371117  -1.41601656 -1.42912234 -1.61785793  2.44568106  1.79448722]
[-2.02731723 -0.866077    0.85350695 -1.86240786 -1.44154409  0.88317732]
[-2.80808236 -2.40113201 -1.90569268 -0.43494192 -0.18596081  0.02205227]
[ 1.46232384 -2.23483247 -2.32386126 -2.06649343  1.02795302  0.67081493]
[ 3.04800531 -0.19904034  1.42098653  1.62841887  0.11366977  2.52737584]
[ 1.89555595 -3.03398193 -2.08209374  2.60849135  2.5192751  -1.35426599]
[ 1.29192418 -0.27505467 -2.74086053  2.08436883 -2.35245839  2.68970917]
[-2.51316559 -1.50474695  3.07018671 -1.71409386  1.34600122 -2.34041979]
[ 2.6412328  -0.99534274 -0.2643741   3.03058205  1.84775207  0.89422234]
[ 2.21730822 -1.09433633 -1.17765545 -1.4430769  -2.87767945 -1.91710994]
[ 3.07095706 -0.77869511 -1.91416132 -0.26076538  0.916889   -0.4535842 ]
[ 0.86487758 -2.21050826  2.1908585   2.68671389  1.42320747  1.96179383]
[  2.35511338e+00  -4.75251050e-01  -2.57344907e+00  -7.36924590e-02  -1.66400866e-03  -2.32840130e+00]
[ 2.02700493 -0.14353341  1.1645125   0.55926579  3.01529221 -0.40128164]
[ 0.44305795 -2.93591355  2.11069728  2.83520956 -2.10707082  2.23238961]
[ 0.11079335 -3.03680482  2.42258991 -2.82379904 -2.78249756 -1.40747123]
[ 1.14597473 -1.84379981  0.44054272 -1.72498569  1.6489616   1.40991309]
[ 1.34998099 -0.80916006  1.75895946  1.37713659  1.55804665  1.559583  ]
[ 2.31812413 -2.87273364  2.0367424   2.32606685  0.25064533 -2.61020143]
[-0.13910533 -1.88025877  0.82842137  2.1818772  -1.13531204 -3.08832382]
[ 0.10530309 -2.01520609 -0.18837771 -1.95605725  2.1469509   2.57158184]
[ 1.22944802 -1.35764721 -1.90554025 -0.00395557 -2.05305299  2.06996685]
[ 2.89552919 -1.07995303  0.95213887 -2.00270438  0.0794679  -2.25589789]
[ 0.63742738 -2.14859206 -0.92799692  2.16333938 -1.4610628  -2.62723141]
[ 1.72535808 -1.31662316 -3.07377971  0.54900424 -1.58751818  1.67979026]
[ 2.0858815  -0.13610009  2.72560008  0.18370412 -2.99380909  0.0944052 ]
[ 3.0385622  -1.07196215 -1.78851075 -0.90639477 -0.19131581  2.3686476 ]
[-0.46721574 -1.85437346 -0.27996578  3.10107978  1.65928635  0.84758753]
[ 2.68111832 -1.61442011  1.81176177 -2.54257793  0.34877216  2.62183249]
[ 1.13280761 -2.34652973 -0.23749783 -1.61502231 -2.98576794  2.76390411]
[ 1.30128872 -0.66246923  0.02708972  2.27383745 -0.51267478 -1.24243259]
[ 0.33743108 -2.31447577  1.18070871 -2.29016806  2.7349364   2.71724144]
[ 0.24879028 -2.29570124  0.79180228  2.36271956 -2.86538107  2.63401416]
[ 2.00493562 -1.16147958  0.26128451 -3.11583223  0.50611041  1.44290959]
[ 0.62064595 -2.20502581 -0.145915   -2.04729218  2.533483   -3.04251782]
[ 0.27960659 -0.19278909 -0.45711415  1.63571026 -2.65180424  1.69577928]
[-2.18799958 -1.9877157  -2.85643215 -2.0082098   1.09727775 -2.69027515]
[-1.36629854 -2.14342175  0.66148118 -1.039437   -2.12018309  1.71504598]
