[ 0.34246804  0.01475475  0.89095706]
[ 0.23201502  0.1897422   2.07455431]
[-0.17490182 -0.14855111  0.93237763]
[-0.08935746  0.06296549  1.38521763]
[ 0.80173705  0.15521167  1.49096262]
[ 0.54368442 -0.44893857  1.49577162]
[-0.39048976 -0.17778547  0.95560415]
[ 0.04094196 -0.10756395  1.78011935]
[-0.11600836 -0.13865553  1.76135516]
[-0.1740643  -0.02282597  2.01047042]
[-0.1896893  -0.17229108  2.05789389]
[-0.07188448  0.12684139  2.09798066]
[ 0.05763692  0.2799038   1.82704002]
[-0.26903989  0.07210547  2.0796665 ]
[ 0.13288963 -0.11970263  1.58693061]
[ 0.03662413  0.67873179  1.55536222]
[ 0.42553893 -0.24156003  1.1265531 ]
[-0.02872504 -0.13072549  1.75378387]
[-0.0239551  -0.25648026  1.35238454]
[-0.35196482  0.1585964   1.9214697 ]
[ 0.79927645  0.36526526  1.49616939]
[ 0.21817795  0.39155981  1.67355426]
[-0.5320063   0.38039552  1.01148492]
[-0.31580992  0.26186239  1.29202866]
[ 0.10712891  0.02275954  1.36709382]
[ 0.10404628  0.10831394  1.43232163]
[ 0.00564133 -0.54747735  1.12087416]
[ 0.57675863  0.06264592  1.41249937]
[ 0.09952459 -0.4018215   1.96612952]
[ 0.10609619 -0.04586641  1.4228423 ]
[ 0.43558897  0.70020845  1.32709843]
[-0.00169633  0.20569635  1.44151103]
[ 0.61653012  0.40058451  1.75255001]
[ 0.58495104 -0.6012699   1.44280706]
[ 0.13626109  0.17418885  1.31754518]
[ 0.16108477 -0.17842741  1.20779604]
[ 0.17096383 -0.08774751  1.89529357]
[-0.10836742 -0.14595791  1.37385946]
[ 0.03347614  0.13482629  2.07329488]
[ 0.14776589 -0.1132534   1.85457878]
[ 0.05466544 -0.2039306   1.98699038]
[ 0.50885472 -0.03207193  1.96082488]
[ 0.60367269  0.33609287  1.68791456]
[-0.04551267  0.26498341  1.41389747]
[ 0.50901808  0.21727287  1.36537552]
[ 0.2296064  -0.20857498  1.60698538]
[ 0.17187837 -0.09876809  2.05339212]
[-0.11938669 -0.20339487  1.30959194]
[ 0.20124213 -0.44682379  1.28060547]
[ 0.42811926  0.01360032  1.29448065]
[ 0.5418797   0.36274933  1.70976288]
[-0.28108457 -0.3966944   1.31155425]
[ 0.55386956 -0.57675199  1.19493975]
[ 0.10825217  0.08518975  1.39233546]
[-0.02437777 -0.75204482  1.39720854]
[-0.11004875  0.08976776  1.81957714]
[ 0.16813031 -0.064406    2.08289546]
[-0.20766677  0.29433247  1.09252165]
[ 0.29355921 -0.49307275  1.69830797]
[ 0.07291458 -0.08225629  1.69163093]
[ 0.12463102  0.07218301  1.59126176]
[-0.09672798 -0.05078716  1.81030021]
[-0.1025818  -0.15723707  1.78830403]
[-0.35604492 -0.31362024  1.80499758]
[-0.15088688 -0.2649024   0.84951248]
[ 0.1672477   0.1056637   2.03835644]
[ 0.10686591 -0.04498025  1.40885584]
[ 0.43699213  0.18712287  1.2679364 ]
[ 0.26640855  0.00745247  1.01391614]
[ 0.15460634 -0.39237574  1.04374105]
[-0.45538926 -0.2651203   1.17362239]
[ 0.01936241  0.11030596  1.63793623]
[-0.24848941  0.09443011  1.35605686]
[-0.08744514  0.17728032  1.97848106]
[-0.0421009  -0.12068912  2.06603464]
[ 0.03174335  0.10615708  1.33713224]
[ 0.23360759 -0.0563606   1.32001608]
[-0.25929973  0.15524754  0.99919108]
[ 0.08986195 -0.06604833  1.33937592]
[-0.00857     0.61822777  0.88645637]
[ 0.52360986  0.13260327  1.5659551 ]
[ -6.89280382e-04  -3.48337656e-01   1.70439484e+00]
[ 0.14585812  0.05421043  2.09797068]
[-0.12904861 -0.00858558  1.65799967]
[ 0.06462215 -0.1611112   0.9173613 ]
[-0.02254868 -0.16440188  1.33791855]
[-0.47961825 -0.24355     1.83125017]
[ 0.28978664 -0.29620679  1.10940375]
[-0.16245522  0.11525455  1.05558681]
[-0.0440397   0.46666658  1.65693777]
[ 0.07672323 -0.07783284  2.07614113]
[ 0.19455303 -0.12986726  1.82448426]
[ 0.07133832  0.10325608  1.80925711]
[-0.46017843 -0.17696077  1.67757465]
[ 0.47650372  0.36288877  1.1507404 ]
[ 0.39215872 -0.50931096  1.08836437]
[-0.78253528  0.25027576  1.30874223]
[ 0.01676278  0.18612589  1.31118857]
[-0.59829706 -0.22983906  1.79133725]
[-0.03757168 -0.5173622   1.95101567]
[ 0.34271345  0.16402481  2.24718229]
[-0.22369698 -0.01304821  1.3724173 ]
[ 0.15617814  0.17426486  1.88991275]
[ 0.04798808  0.19332411  2.12170493]
[-0.13057757  0.34831381  1.50995281]
[ 1.04884499  0.63848501  1.74856766]
[-0.1484651  -0.20184379  1.93859941]
[ 0.2145973  -0.05453146  1.26465574]
[-0.83546361  0.60988448  1.86636712]
[-0.3149319   0.00749504  0.99708174]
[-0.17186878 -0.06217131  1.95687806]
[-0.18508483  0.1031407   1.45210999]
[-0.62197611  0.48081082  1.18687822]
[ 0.67245097  0.12863354  0.99910473]
[-0.35984961  0.08004803  1.22137012]
[-0.03199491 -0.16086967  1.67125786]
[ 0.15371955 -0.07303077  2.55241773]
[ 0.16432266  0.00436658  1.50346848]
[ 0.22143259 -0.43064237  1.60720139]
[-0.71430878  0.47800459  1.79455049]
[-0.1573926   0.34983127  2.3139584 ]
[-0.61871944 -0.1981353   0.86193634]
[-0.24287287 -0.56409442  1.47949483]
[-0.10373862  0.21257381  1.30008082]
[ 0.41156704  1.04107385  1.5188549 ]
[-0.16347321 -0.01488152  2.3859903 ]
[-0.33875738  0.04558357  1.85197892]
[-0.13041409 -0.00906327  1.07661021]
[-0.15645818  0.05392465  1.4945323 ]
[-0.21754581  0.23307493  1.23031465]
[-0.07171259  0.78346706  1.46143734]
[ 0.52451851 -0.09593     1.98037106]
[ 0.06731983 -0.26405906  1.27509178]
[-0.22580865  0.0659309   1.28146748]
[ 0.21314318 -0.03988723  1.33658574]
[ 0.17726272 -0.03768905  2.29181374]
[-0.43136659  0.83047575  1.87361544]
[-0.3861641  -0.04424026  1.69393666]
[ 0.67600834 -0.71831749  1.67911813]
[ 0.50966996 -0.25164966  2.03354184]
[ 0.43952615  0.34440164  1.97537338]
[-0.69235497  0.11226089  2.09393013]
[ 0.45364021 -0.0798205   1.47636916]
[ 0.0865834   0.20836519  1.20315129]
[ 0.60552524 -0.32398383  0.84155209]
[ 0.13392163  0.12179302  1.59720458]
[-0.26767137  0.24593173  1.21795769]
[-0.32119102 -0.78783857  1.62382889]
[-0.8369373   0.63659083  1.84448046]
[-0.63681609 -0.91895101  0.87243705]
[ 0.35504495  0.94599106  1.30992275]
[ 0.0929006  -0.20938955  2.31553487]
[ 1.04293301 -0.3405581   1.25315343]
[ 0.17629806 -1.0030815   1.76021665]
[ 0.45243839  0.51471398  2.13813171]
[-0.16016909 -0.17703383  1.61046903]
[ 0.63069435 -0.15457908  2.09166216]
[ 0.1430413  -0.41554323  1.47736957]
[  6.01039947e-04   2.98034970e-01   2.14864983e+00]
[ 0.27781806 -0.70885843  0.93199238]
[ 0.40771607 -0.05103213  1.95135798]
[ 0.11052699  0.14657096  2.55352422]
[-0.26102308 -0.10066895  1.66988175]
[ 0.37631998 -0.1000043   1.34675664]
[-0.25553609  0.46900847  2.46138179]
[ 0.1629221   0.0262883   1.31460525]
[ 0.30624871  0.3846841   2.52824369]
[-0.16147614 -0.02992324  1.91646906]
[ 0.17254614  0.0271088   1.72843628]
[-0.77234061  0.1357061   0.77610117]
[ 0.16675786 -0.02622546  2.52062929]
[ 0.28630572 -0.06539159  1.40906146]
[-0.16154253 -0.34997403  0.99875421]
[ 0.14071157 -0.6121573   1.59192426]
[ 0.02041904 -0.36610829  1.51951218]
[ 0.23027807 -0.17161839  0.92264685]
[ 0.93542327  0.42337086  1.67240437]
[-0.7600783  -0.06595906  2.10850367]
[ 0.58760855  0.18349311  2.3837747 ]
[ 0.81220277  0.07210603  1.565608  ]
[ 0.14907542 -0.07376794  1.24883265]
[-1.11430895 -0.12174035  1.57782244]
[-0.06422175 -1.00609816  1.90038765]
[-0.53150066 -0.44732815  1.91662736]
[-0.36774861  0.82354831  2.24349021]
[ 0.02610834 -0.21421252  2.16437561]
[-0.08035431 -0.86421271  2.03998113]
[-0.10365635 -0.23408106  1.17584392]
[ 0.40567198  0.03506027  2.33233811]
[-0.72095315  0.42231152  2.14182   ]
[ 0.06617727 -0.18510177  1.61677177]
[-0.03252389  0.17076067  1.24715043]
[-0.1565756  -0.58533421  1.20026973]
[-0.18320172 -0.06118016  2.20080677]
[-0.17292723  0.02889505  1.25013909]
[ 0.21996114 -0.54347435  2.11899278]
[ 0.68155834  0.03615756  0.82101211]
[-0.62923096  0.79715148  2.12558212]
[ 0.32265695  1.04372     1.2650146 ]
[-0.63425701 -0.68693867  1.11047966]
[ 0.15441598  0.11226185  1.67664411]
[ 0.45211613  0.23911282  1.41549618]
[ 0.13582027 -0.17919143  1.82690807]
[ 0.25720219 -0.10543861  1.52467277]
[ 0.09820588 -0.2433988   1.61868975]
[ 0.11960219  0.0417588   1.37161619]
[ 0.1755621  -0.33613737  1.45151169]
[ 0.1050706  -0.07353353  1.26157516]
[ 0.20619378  0.21809606  1.59233867]
[ 0.05631932 -0.10384313  1.30767286]
[ 0.07557818 -0.28282918  1.25890766]
[-0.35156408 -0.2023304   1.67311099]
[-0.10790356 -0.05247044  1.46596058]
[ 0.18080469 -0.21540741  1.67459769]
[ 0.11973718 -0.07813858  1.7884813 ]
[-0.11122441 -0.04875558  1.37035993]
[ 0.45074411 -0.20969195  1.4300353 ]
[ 0.18502179 -0.31578844  1.48850319]
[ 0.10725897  0.29208879  1.59212885]
[ 0.43654332  0.20309485  1.4678607 ]
[-0.06574869 -0.30533971  1.67075356]
[ 0.1090163   0.04525838  1.57899631]
[ 0.4494295  -0.20656672  1.40309412]
[ 0.22450956 -0.1632926   1.50205024]
[ 0.34723378 -0.13536569  1.36538793]
[-0.13943232  0.23867945  1.25426551]
[ 0.157732   -0.30290583  1.65545698]
[-0.22770909 -0.0238843   1.73779544]
[-0.15676634  0.11092116  1.65123305]
[ 0.03792004  0.17296198  1.54933547]
[ 0.11597991  0.25620444  1.68424373]
[-0.34955235  0.22059597  1.70626656]
[ 0.11003741 -0.02346327  1.6640607 ]
[-0.00885818  0.11255212  1.54155304]
[ 0.09381872 -0.06608441  1.45594041]
[-0.08565401  0.08339043  1.71387519]
[ 0.08120979  0.16738223  1.82921758]
[-0.23383571  0.09904453  1.58339671]
[-0.04829635 -0.10215405  1.76068759]
[ 0.13555748  0.02899734  1.87111378]
[-0.28188105  0.18298313  1.68854933]
[ 0.08576424  0.17975637  1.58861116]
[ 0.30239861  0.0815954   1.57047916]
[-0.24815044  0.12840231  1.68921688]
[ 0.15919833  0.03525775  1.54873934]
[-0.46277882  0.01948427  1.52865265]
[ 0.41777157 -0.19191015  1.64937934]
[ 0.0342645   0.29487233  1.74974774]
[ 0.14732503  0.23825288  1.33219087]
[ 0.1124923   0.10944137  1.72408283]
[ 0.07895999  0.08484901  1.50479626]
[-0.27682979  0.11829225  1.42684884]
[ 0.02204636  0.30844809  1.63337571]
[-0.05378863  0.16457056  1.42144315]
[-0.47004931 -0.00615605  1.60618673]
[ 0.1657206   0.00896874  1.6731441 ]
[-0.07901495  0.12556634  1.45536128]
[ 0.32729516 -0.02645208  1.55135448]
[-0.20554971 -0.10415286  1.83067689]
[ 0.21270062  0.13172499  1.63368144]
[ 0.11705277  0.02995709  1.35589098]
[-0.10749234 -0.05551016  1.33364793]
[-0.10275922  0.07024276  1.42449896]
[-0.31638698  0.04456493  1.5095232 ]
[-0.07645022  0.13098301  1.60817769]
[ 0.15023233 -0.01327424  1.64823502]
[ 0.28023288  0.1570642   1.60212017]
[-0.05336837  0.08903514  1.28253879]
[-0.44233705  0.19968915  1.34958912]
[ 0.13426609 -0.06865371  1.42354378]
[-0.10994718 -0.53055805  1.33298815]
[-0.38448504 -0.14650237  1.55742534]
[ 0.05360645  0.10370597  1.24362537]
[-0.1324277   0.31728025  1.58412688]
[-0.00292968 -0.36869649  1.73676348]
[-0.07146683  0.32361487  1.26652063]
[ 0.14422884 -0.09259253  1.3318992 ]
[ 0.0862265   0.16646022  1.50206527]
[ 0.1140718  -0.07192366  1.73902643]
[-0.33331482 -0.09985626  1.47941152]
[-0.21277623  0.10762292  1.22650798]
[ 0.05377921 -0.13925968  1.7215777 ]
[ 0.14790398  0.27303447  1.66306417]
[-0.06576485  0.09117024  1.53597137]
[ 0.08794386  0.41647199  1.62812301]
[ 0.06081559 -0.14881108  1.57471742]
[-0.36379152 -0.03391258  1.38644313]
[-0.28463407  0.24067469  1.71858871]
[ 0.05936513  0.09546917  1.56209786]
[-0.14145273 -0.21502716  1.64380516]
[-0.0554806  -0.18679692  1.54839371]
[ 0.11845332 -0.05657439  1.58851339]
[-0.25253782 -0.23815895  1.52668683]
[-0.15113289  0.00589719  1.41818691]
[ 0.07368772  0.16600369  1.1872556 ]
[-0.26250168  0.05603901  1.55721046]
[ 0.1958471  -0.16174936  1.26954513]
[ 0.06447513 -0.13748347  1.58330818]
[-0.30134629 -0.39108129  1.30845767]
[ 0.06487293 -0.10924845  1.41874793]
[ 0.36752173  0.27368356  1.74962686]
[-0.5033761   0.07658105  1.75324006]
[-0.36666086  0.20133281  1.90096168]
[-0.50160741 -0.17387106  1.17377104]
[ 0.11901617 -0.043047    1.2551702 ]
[-0.17091442  0.337486    1.74698124]
[-0.02760076  0.42454408  1.85326136]
[-0.38880474  0.27799485  1.96270932]
[-0.07300135  0.1256763   1.77181795]
[-0.0330223   0.15901645  1.6143828 ]
[-0.4614135  -0.54484368  1.4377167 ]
[ 0.21833808 -0.07881267  1.97834716]
[-0.32799141  0.04982844  1.21232097]
[-0.05225018  0.35844347  1.97924007]
[ 0.02410919  0.1102924   1.92482103]
[ 0.20136097  0.32635703  1.17894789]
[-0.23955861  0.29161109  1.39641848]
[-0.04492118  0.16918633  1.59231219]
[ -2.86730664e-01   4.34727093e-04   1.89234352e+00]
[ 0.19025477  0.19320449  1.07019962]
[ 0.44947796 -0.07904368  1.8330622 ]
[ 0.09351399  0.05931913  1.408125  ]
[ 0.04318464 -0.40904916  1.29898308]
[ 0.09789631  0.04875014  1.51554242]
[ 0.14412982  0.26211113  1.67817921]
[-0.16846443 -0.15901828  1.94171511]
[-0.5632878  -0.08439209  1.88354689]
[-0.75130955  0.34847846  1.41730398]
[-0.00539986  0.11755586  1.95736051]
[-0.12666853  0.0565138   1.38882174]
[ 0.34785349  0.00243926  2.12278377]
[ 0.52773025  0.37085088  1.90836562]
[ 0.47363258 -0.00516103  1.81568678]
[-0.11740737 -0.03138744  1.439548  ]
[ -1.58130995e-01  -7.79048094e-04   1.74628683e+00]
[-0.32408349 -0.36665141  1.4574794 ]
[-0.52596175 -0.37184437  1.37098761]
[ 0.06002362  0.18834338  1.17823811]
[ 0.19239149 -0.24875088  1.92918695]
[ 0.04832811 -0.58327015  1.78262037]
[-0.77774023 -0.09433446  1.12464962]
[ 0.78462692  0.15130909  1.40831401]
[ 0.27488733  0.06042881  2.09192755]
[ 0.02332936 -0.11563731  1.43586212]
[ 0.10632066 -0.04825635  1.2472756 ]
[-0.7344831   0.2120065   1.25260224]
[-0.24655433  0.08042468  2.15821881]
[-0.1308524   0.16015496  0.8683182 ]
[-0.06025227  0.33417205  2.04864651]
[ 0.51446623 -0.51523452  1.46558118]
[-0.46296379 -0.04919743  1.10914985]
[ 0.22553802  0.62103263  1.73939014]
[ 0.28221639  0.01725137  1.94914041]
[ 0.11503715 -0.14056468  1.42071774]
[-0.00403159 -0.2070062   1.99183861]
[-0.33642456 -0.19445587  1.69752177]
[-0.80920892 -0.28393031  1.17107861]
[ 0.01701854  0.56183734  1.77107125]
[ 0.14327847  0.54517715  1.46508451]
[ 0.11808876 -0.04122099  1.43144798]
[-0.75070832 -0.21392524  1.39262132]
[ 0.33123472  0.2727137   1.96133491]
[-0.14738067  0.06810613  1.6715648 ]
[ -1.50116911e-01  -6.73144975e-04   1.96041609e+00]
[ 0.06804088 -0.55068287  1.73056236]
[ 0.0784651  -0.12154819  1.16929824]
[-0.18544867 -0.67709441  1.75118735]
[-0.08714147 -0.08865283  2.0734722 ]
[ 0.50343512 -0.16081963  1.00186807]
[-0.59193376  0.53280648  1.14915465]
[-0.38247016 -0.45351318  1.87232705]
[-0.24009031 -0.30036041  1.01365133]
[-0.14535523  0.05859205  1.0974573 ]
[-0.42727597  0.46969833  1.80091958]
[-0.42289493  0.51480902  1.44648561]
[-0.17086697 -0.63252842  1.11013293]
[ 0.48509904  0.32781538  1.12313099]
[-0.05277072  0.0969099   1.63894115]
[ 0.2214645  -0.34904712  1.20853471]
[ 0.30452019  0.09935325  1.04959677]
[ 0.40965721  0.15021128  1.83959904]
[-0.08941246 -0.09977277  1.36399479]
[-0.14936031 -0.25162647  1.71246315]
[ 0.11148593 -0.05301409  1.86592553]
[-0.10223957  0.04538977  1.66304064]
[ 0.23227058  0.04003668  1.32420245]
[ 0.11283749  0.17029257  2.02744111]
[ 0.03361071 -0.19591387  2.04575449]
[-0.1460688   0.19773973  1.34145543]
[-0.04164565 -0.2632614   1.54980064]
[ 0.02029657 -0.2576781   2.15530589]
[-0.25607385 -0.05197793  1.34138391]
[ 0.00815656  0.3118159   1.59368714]
[-0.13061119  0.1018821   1.02138237]
[ 0.38937629  0.12325641  1.72127736]
[ 0.24655273 -0.09734425  1.209548  ]
[-0.2377485   0.10375929  1.95502512]
[ 0.10776118 -0.04238682  1.59618968]
[-0.10269669 -0.33498157  1.38708708]
[-0.40481302 -0.33715135  1.34309984]
[ 0.59346866  0.33343948  1.41194898]
[-0.02428357 -0.3256992   1.12808411]
[-0.11750692  0.11539286  1.71777526]
[ 0.0698881  -0.16100204  2.12737646]
[ 0.201367    0.75743445  0.89396123]
[ 0.73722483  0.22260392  2.27751553]
[-0.04817365  0.41655391  2.41662469]
[ 0.05477133  0.44414714  1.16975543]
[-0.20102167  0.05465392  0.95913443]
[ 0.74141061 -0.0548095   1.82974172]
[-0.65666101 -0.44627887  2.05113193]
[-0.41462234  0.12901786  1.83113318]
[ 0.01167599 -0.49536418  2.00862895]
[-0.25399946  0.21501169  2.40528303]
[ 0.28581677  0.51295866  2.4055667 ]
[-0.2481453   0.16434849  1.44736867]
[-0.12878229  0.10166349  2.29382249]
[ 0.14415661 -0.11881667  2.54272493]
[ 0.26089491  0.02770152  1.5031144 ]
[ 0.96802665  0.0278054   2.1846571 ]
[-0.47612366 -0.70071669  1.03379936]
[ 0.60611831  0.22179032  2.14314169]
[-0.1256647   0.16399285  2.30199479]
[ 0.04260483 -1.27520622  1.60399082]
[ 0.15866371 -0.04365238  1.27448381]
[ 0.70896094  0.65539495  1.97381339]
[ 0.40950126 -0.9091775   1.47263701]
[-0.72758135  0.42256659  1.90859631]
[-0.97518245  0.14410586  1.37284197]
[ 0.24713062  0.01183556  1.9994359 ]
[-0.18492059 -0.08469441  1.64913923]
[-0.9666402   0.77517897  1.61392842]
[ 0.70014867  0.51545568  2.04152582]
[-0.09011557 -0.89565933  1.99270193]
[-0.56544457  0.0707694   1.27652097]
[ 0.08581164  0.13996844  2.45115864]
[ 0.01807805  0.21689428  2.0047574 ]
[ 0.22965177  0.02553654  2.01827827]
[ 0.31149015  0.20759505  2.22222305]
[-0.03945751 -0.2158428   1.49405822]
[ 0.56690831  0.03366717  1.32298175]
[ 0.02276839 -0.31280486  1.43151088]
[-0.02121956  0.38473216  1.08904158]
[-0.11073111 -0.33598997  1.14777766]
[ 0.71307806 -0.29870298  1.4729728 ]
[-0.19212488  0.13277735  1.30842502]
[-0.10542406  0.26522063  2.20621594]
[ 0.57692331  0.4651174   2.0953562 ]
[-0.97784967 -0.61138574  1.70943491]
[ 0.00686119  0.25943159  1.20303603]
[ 0.5535625   0.08785764  2.19312409]
[-0.50186435  0.09940033  2.50871643]
[-0.15220193  0.27157657  2.09955282]
[-0.02946659 -0.5726636   0.65289832]
[-0.02831116  0.55450205  1.54462947]
[-0.50987582 -0.23882062  1.50217807]
[-0.30821395 -0.01427332  1.09113348]
[-0.00201598 -0.18705472  1.37827191]
[ 0.2829309   0.0966606   0.87278798]
[-0.02267528 -0.22415294  2.2546066 ]
[-0.03486403 -0.26679676  0.99071477]
[ 0.03660108 -0.16990133  1.24047593]
[ 0.15899394  0.10570946  1.50313801]
[-0.02806723 -0.28760185  1.05620786]
[ 0.01539678  0.06087771  1.20843175]
[ 0.09993408  0.2822723   1.92856964]
[ 0.6467999  -0.54251955  2.31877453]
[-0.36685703 -0.05955088  1.02051071]
[-0.12784831 -0.14908015  1.20336565]
[ 0.33791937  0.02406421  1.18784855]
[ 0.18214573  0.16747798  1.4205529 ]
[ 0.27414809  0.02176144  1.46459121]
[ 0.1518912  -0.35035433  2.41228582]
[ 0.55145828  0.54767931  1.0390201 ]
[-0.16531174  0.04217122  1.55153745]
[-0.51611644 -0.23411281  2.19378883]
[-0.17917076 -0.41204109  2.27341623]
[ 0.98160204  0.26008823  1.28189862]
[ 0.23939344  0.02030852  1.96708561]
[ 0.22234062 -0.00830588  1.44330519]
[-0.21538012 -0.02373458  2.15733697]
[ 0.20925798  0.18529476  2.12451843]
[ 0.18033751  0.03062148  1.61083301]
[-1.02839645  0.0943509   1.02779712]
[ 0.33969397  0.44940331  1.33617525]
[ 0.35017634  0.34531691  2.20982415]
[ 0.11980701 -0.71424733  1.86857508]
[ 0.28532433  0.89208446  1.69789001]
[-0.01956317 -0.5216899   2.459676  ]
[-0.22395001 -0.02784849  1.46298635]
[-0.04205445  0.15880375  1.76133373]
[-0.2434939   0.93772581  2.1489509 ]
[-0.74812555 -0.19871387  1.88799643]
[-0.1930444   0.08598823  1.25748853]
[ 0.3048073  -0.03242418  1.11189174]
[ 0.12492    -0.77856388  0.68658458]
[-0.28232575  0.11396837  2.40764274]
[ 0.07148844 -1.07514378  2.01392744]
[ 0.087772   -0.56384697  1.08608554]
[ 0.75572899 -0.35826924  1.97159059]
[ 0.06208205  0.29978289  1.57431806]
[ 0.21741206  0.41587673  1.55449135]
[-0.30652195 -0.10527234  1.6186287 ]
[-0.07353931  0.10375954  1.23926381]
[-0.07502051  0.14140478  1.58467393]
[ 0.24033098  0.40653402  1.56031198]
[-0.06052097  0.1724371   1.82292469]
[ 0.05934254 -0.23888689  1.63406972]
[-0.05684106  0.18007689  1.56884053]
[ 0.10351609 -0.05156286  1.65291789]
[ 0.34913636 -0.00742485  1.63420381]
[ 0.19444704 -0.29546612  1.55801803]
[ 0.04370398  0.10547104  1.51451742]
[ 0.06822724  0.22291161  1.44341494]
[ 0.00976081 -0.1391987   1.3478147 ]
[-0.04104847 -0.19302304  1.61968302]
[-0.09088866  0.22019253  1.59649723]
[ 0.20053674 -0.06482909  1.38809033]
[-0.10638701  0.32863797  1.58031867]
[-0.35897203  0.08455414  1.23336926]
[ 0.04343582 -0.11955967  1.61288616]
[ 0.20215845  0.18148527  1.58812364]
[ 0.08081739 -0.0785045   1.47662519]
[-0.28108481 -0.23792627  1.28558837]
[ 0.29533223  0.33322535  1.62671216]
[-0.08796724 -0.07163545  1.45635825]
[-0.06618441  0.1090741   1.74004998]
[ 0.1932651  -0.15194357  1.28601238]
[ 0.19508933 -0.148346    1.32531744]
[-0.25982229  0.04218602  1.16585828]
[-0.13040704 -0.07706531  1.79766384]
[-0.02309124 -0.39554498  1.42709754]
[ 0.44364586  0.19727685  1.52972104]
[-0.00766768 -0.14372647  1.42400083]
[ 0.07031281  0.29688519  1.38180943]
[-0.33696746  0.19310336  1.39369705]
[-0.14569446  0.20672186  1.18095062]
[ 0.16507914 -0.04848089  1.27566012]
[ 0.08792582 -0.12763011  1.6406669 ]
[-0.21966414 -0.10762219  1.83944345]
[-0.07308821  0.11734945  1.67005975]
[-0.0699269  -0.17401149  1.32826547]
[-0.04702421 -0.11916009  1.45549887]
[-0.37277605 -0.23161346  1.29849291]
[ 0.07677481 -0.15737306  1.63782875]
[-0.29185453  0.35088272  1.3728766 ]
[-0.11957353 -0.08819408  1.81235138]
[-0.26551473 -0.06024007  1.5274354 ]
[-0.22825822  0.09088884  1.70166674]
[ 0.09085478 -0.07399122  1.49098703]
[-0.05522828 -0.27515386  1.65159001]
[ 0.06778883 -0.14399799  1.47486326]
[ 0.34540112 -0.10793754  1.62238873]
[ 0.00633926 -0.24003027  1.47144955]
[-0.12761274 -0.06059627  1.63462145]
[ 0.30624251  0.19157755  1.70355336]
[ 0.24314031 -0.12693531  1.49852863]
[-0.05154436 -0.28638694  1.50531974]
[-0.21827721  0.27203363  1.52811002]
[-0.09306809  0.0646088   1.51542909]
[ 0.22023106 -0.04346884  1.3383434 ]
[-0.11422692  0.26197865  1.50094614]
[ 0.14810433 -0.15770665  1.36135854]
[-0.254647    0.18835024  1.43707246]
[-0.29594538  0.01566269  1.79978573]
[ 0.23827533 -0.20152977  1.72039546]
[ 0.07450287 -0.1002435   1.57783777]
[ 0.28485097 -0.13258174  1.50537385]
[-0.07059491  0.20433699  1.36857199]
[ 0.1134286   0.09671272  1.6244757 ]
[-0.17805167  0.07871344  1.57003901]
[-0.1244079   0.0385916   1.21122089]
[-0.05594221 -0.14267993  1.08320028]
[ 0.07063277  0.03541848  1.18112017]
[ 0.15721669 -0.35806175  1.58288278]
[-0.2055508  -0.10910313  1.72695879]
[ 0.02805513  0.19787142  1.35896201]
[-0.01441087  0.2300248   1.40001511]
[ 0.11767579  0.07059618  1.33632187]
[-0.06902626 -0.08859769  1.25340957]
[-0.21925325  0.16755031  1.75844327]
[ 0.19108295 -0.14830885  1.64470061]
[ 0.14325975 -0.08972048  1.24824719]
[-0.44430047  0.1336748   1.41809419]
[-0.020892   -0.2375599   1.58171946]
[-0.1728261  -0.21300622  1.30411809]
[-0.13690106 -0.12720423  1.29866597]
[-0.15447731  0.21037845  1.36090796]
[-0.02608665 -0.10976334  1.7750193 ]
[-0.10332872  0.20701318  1.21735003]
[ 0.03587029  0.11191981  1.51186055]
[ 0.17830286 -0.12996046  1.39191246]
[ 0.01916062 -0.11828415  1.43234559]
[ 0.04985982  0.15387091  1.30114484]
[ 0.1285735  -0.0433873   1.70318109]
[-0.23128105 -0.25969129  1.36398025]
[ 0.33254205  0.31903706  1.22389391]
[-0.18129333 -0.2816346   1.53033327]
[-0.14301423  0.23726906  1.42142795]
[ 0.03175784  0.28002993  1.14961954]
[ 0.23510931 -0.077332    1.64581475]
[-0.13766213 -0.21999249  1.93807654]
[  1.75247228e-03   2.39050897e-01   1.91422870e+00]
[-0.32551304 -0.12854372  1.9021378 ]
[-0.60014529  0.23517166  1.58930542]
[-0.20872037  0.17454669  1.85800247]
[-0.16597852 -0.10313316  2.12728578]
[ -6.65635912e-01  -7.53120697e-04   1.66365682e+00]
[-0.02463699 -0.1148387   1.36308842]
[-0.418676    0.22518798  1.63361305]
[-0.17756213  0.29889131  1.23020119]
[ 0.05429854 -0.17261637  1.82735553]
[-0.17743352  0.08207097  1.3032457 ]
[-0.31257834 -0.25209274  1.35141119]
[ 0.00953324  0.12902933  2.07488901]
[ 0.66903727  0.24271671  1.55418145]
[ 0.16059667 -0.0636313   1.70677767]
[ 0.11282702  0.07187369  1.63785518]
[ 0.10981128  0.18575832  2.0137365 ]
[-0.05803761 -0.21716117  1.69668329]
[ 0.30185185  0.03887772  1.36592484]
[-0.10460278 -0.07646909  1.32676363]
[ 0.694946   -0.02787224  1.70193146]
[-0.33558085 -0.2196711   1.20016274]
[ 0.48301633 -0.26617376  1.37909274]
[ 0.33707659  0.7250682   1.61018336]
[-0.06945313  0.58240157  1.84795045]
[-0.00239201 -0.11206998  1.53633056]
[-0.18719971 -0.27600111  1.90355587]
[-0.46121727  0.2179937   1.85824041]
[-0.16164677  0.07212335  1.71661201]
[-0.09069365  0.18536884  1.98030564]
[ 0.8187882   0.29003434  1.23154805]
[ 0.1375892   0.05475865  1.39138377]
[-0.42189206  0.31022596  1.33445477]
[-0.47102917 -0.16308235  1.88807729]
[ 0.03790713 -0.114162    1.46370955]
[-0.01141329 -0.17486038  1.2959236 ]
[ 0.10068191  0.04953958  2.1303987 ]
[-0.01751358 -0.10806752  1.9192742 ]
[-0.13018705 -0.1099668   0.96410479]
[ 0.07378217 -0.82376469  1.58412758]
[-0.05655363 -0.09333572  1.49378781]
[ 0.15824757 -0.18570105  1.58048794]
[ 0.21927375 -0.00272975  1.55915599]
[-0.18178617  0.10683359  1.23528068]
[ 0.68250592  0.09076933  1.14740112]
[-0.34823841 -0.22726788  1.98029049]
[ 0.77090264 -0.12203256  1.41074697]
[-0.55214473 -0.16782025  1.97575281]
[-0.25393969 -0.02174027  2.13596597]
[-0.50897188 -0.08073014  1.68260849]
[ 0.13584754  0.021252    1.1534457 ]
[-0.56663858 -0.19708865  1.82412171]
[ 0.08837226 -0.07069357  1.485596  ]
[ 0.62881017 -0.14202944  1.04770591]
[-0.22825469 -0.27413822  1.8733874 ]
[ 0.0917809  -0.09963554  1.44124012]
[ 0.06713908 -0.51153617  1.8095488 ]
[ 0.21442414  0.72055759  1.62425818]
[ 0.28417809 -0.51109315  1.32744265]
[ 0.06264683 -0.1126559   1.27281279]
[ 0.10491672 -0.08916718  2.09836737]
[ 0.5724001  -0.24253224  1.08569239]
[-0.12518113 -0.24744801  1.94257098]
[-0.5440681  -0.17384311  1.84701178]
[ 0.6439343   0.04753883  1.5263555 ]
[-0.04541228 -0.17801713  1.24990934]
[-0.06130739 -0.09193378  1.81606896]
[-0.38697924  0.09526232  1.12806102]
[ 0.23852244 -0.17257142  1.93600584]
[ 0.12648631  0.05090665  1.9065162 ]
[ 0.09562025 -0.09818163  1.28621457]
[ 0.47088084  0.14308226  1.66404982]
[ 0.53896174 -0.10175623  1.83763923]
[ 0.03381838 -0.13679574  1.65052137]
[-0.14403112 -0.16665132  1.13553304]
[ 0.15768592  0.07068832  1.69722959]
[ 0.05059423 -0.11889853  1.46075235]
[-0.07875227 -0.41699144  1.79386594]
[-0.01614539  0.12155945  1.2833978 ]
[ 0.20877453 -0.61900729  1.76292452]
[ 0.10175302 -0.09958787  1.26417802]
[ 0.21237099  0.20970522  1.42439018]
[-0.14983098  0.23158454  1.11385153]
[-0.3528877  -0.04670011  1.57484598]
[ 0.09520001  0.06476948  1.26088185]
[ 0.0378857  -0.1432266   1.53820559]
[ 0.32282083  0.28758494  1.77822324]
[ 0.17633848 -0.43936737  1.93559278]
[-0.69683913 -0.11851224  1.2451295 ]
[-0.11947324  0.15448495  1.70596004]
[ 0.63659493 -0.30626149  1.30673188]
[-0.255834    0.12430873  0.99578458]
[-0.14289807  0.07991455  1.31967514]
[-0.32138108  0.25623506  1.88826449]
[ 0.19770603 -0.20383347  1.94033165]
[ 0.0905853  -0.18718049  1.31641871]
[-0.04722892 -0.09888483  1.51127352]
[-0.11690133  0.00790396  1.28438493]
[-0.26959898  0.16474277  2.29192754]
[ 0.89207544 -0.14070948  1.82561183]
[ 0.18003898  0.05832177  1.89328489]
[ 0.23096897  0.02523894  2.13415279]
[ 0.33877303  0.44406235  2.45674799]
[-0.10149965 -0.5087515   2.03310043]
[-0.12350419 -0.12676897  2.39585897]
[-0.135089    0.3349703   2.54551571]
[-0.41445593 -0.05917574  2.33640756]
[-0.56969868 -0.99630093  1.41569785]
[ 0.21772033  0.13118187  1.29368522]
[ 0.31787878 -0.05574973  2.38484977]
[-0.09913204 -0.16765941  1.41780057]
[ 0.17241987 -0.16160303  1.83305423]
[ 0.61051358 -0.89477712  0.83783677]
[ 0.13918658 -0.0932949   1.44540617]
[ 0.7689541   0.61675278  1.93603514]
[-0.12746976 -0.25534729  1.82928003]
[ 0.06278933 -0.17034477  2.12100236]
[ 0.08751794  0.13865612  1.26744846]
[ 0.67188137 -0.4782177   1.17082786]
[-0.15041517 -0.07063422  2.45621281]
[-0.94305435  0.40898913  1.90274467]
[ 0.08204873 -0.3526027   1.80319413]
[ 0.18753252  0.16337051  1.95989293]
[ 0.78545724  0.11070876  1.70058564]
[-0.93740766 -0.4950984   1.63982755]
[ 0.02209992  0.32013153  1.99106941]
[ 0.8219179   0.2411104   1.10005936]
[-0.22035191  0.47749678  2.25489109]
[-0.26478746  0.50653153  1.10572615]
[-0.01772098 -0.29448066  2.35106317]
[ 0.16322192  0.65211084  0.80659646]
[ 0.15576453  0.05341249  1.74613939]
[ 0.41776292 -0.31907154  1.63594347]
[ 0.13194657  0.14684313  1.90368832]
[ 0.20323979  0.08790841  1.58059398]
[ 0.41795861  0.68481092  1.61148097]
[-0.2554189  -0.01164061  2.05483636]
[ 0.15195675 -0.28924488  1.3729672 ]
[ 0.0798071   0.36332968  1.99283651]
[ 0.28866219  0.03824177  1.22665118]
[-0.07525076  0.17715413  1.44632076]
[ 0.20695037 -0.3534055   1.90300357]
[-0.15617054 -0.18988824  2.53962216]
[-0.58770823  0.66868578  1.7622069 ]
[-0.15232684  0.22677306  1.1639933 ]
[-0.49950927  0.42980421  1.39990629]
[ 0.46395994 -0.06246592  0.86978183]
[-0.69032276 -0.4619753   2.27829992]
[-0.86089464 -0.26065325  1.63687422]
[-1.09051161 -0.57160837  1.19907832]
[ 0.1622167  -0.52586468  0.86637606]
[ 0.2716542  -0.26675302  2.56703728]
[ 0.1630095  -0.59921466  1.85915188]
[ 0.41341377 -0.50157923  1.33718206]
[-0.74350632 -0.40151624  1.30254243]
[ 0.87015671 -0.13115651  2.07310598]
[-0.08626728 -0.13954219  1.38655419]
[ 0.16227245  1.18351726  1.75092797]
[-0.0533758  -0.17846415  1.38010597]
[ 0.74252624 -0.45510442  1.93204834]
[ 0.59987303 -0.23951676  2.14853851]
[ 0.15410938 -0.09687147  1.3341055 ]
[-0.16045901  0.39433217  2.39094174]
[ 0.12323244 -0.2455783   2.34678757]
[ 0.23086427  0.52496466  1.67724088]
[-0.10016691 -0.13760146  2.40535815]
[-0.39535592  0.01987872  2.43984574]
[-0.63044453 -0.43276374  2.12520344]
[-0.22469387  0.30585374  1.69573475]
[-0.073211   -1.02259538  1.4254614 ]
[-0.17698832  0.65042523  1.31010715]
[-0.17522667  0.0610826   1.5533762 ]
[ 0.12269716  0.12282928  1.40628439]
[-0.14525456  0.38343765  2.14707294]
[-0.06591318 -0.06517839  1.29030439]
[-0.26990619  0.05461668  1.49541113]
[-0.1334096   0.96341803  1.92264092]
[-0.19948286  0.27982333  2.04155116]
[ 0.2755189  -0.39215984  2.30633023]
[-0.14502787 -0.65238841  2.2558384 ]
[-0.12151826 -0.11440331  1.36794879]
[-0.02355394  0.46084681  1.56946854]
[ 0.35275676  0.22355817  1.4389515 ]
[ 0.6821574   0.52898247  1.36067286]
[ 0.33863224  0.18189065  0.85654895]
[ 0.06396302 -0.50771279  2.39813568]
[-0.05255611  0.28008544  1.40674931]
[-0.66305573  0.22361057  1.65414498]
[ 0.10926899  1.08797722  1.57360729]
[ 0.08408266  0.18411808  1.14434692]
[-0.1525813  -0.52800049  0.76900607]
[-0.50516148 -0.92877242  1.5097378 ]
[ 0.81884912 -0.37430095  1.2715507 ]
[ 0.65883657  0.21426783  2.18351885]
[  1.70683463e-01  -2.12140247e-03   2.56250356e+00]
[ 0.36204409  0.78288477  1.93753107]
[ 0.49231468 -0.51765286  1.84329008]
[-0.98926318 -0.27705982  1.29828976]
[ 0.10994263  0.10229675  1.71946097]
[-0.19875094  0.00714309  1.12056601]
[-0.03794736 -0.28538643  1.23663757]
[-0.04689514 -0.14078301  1.74342754]
[-0.05863886 -0.1264019   1.43592255]
[-0.01493388 -0.11720542  1.54503712]
[ 0.11280199  0.00749231  1.4026461 ]
[-0.13693161  0.10685793  1.19297843]
[-0.10819599 -0.03060308  1.39503889]
[-0.12923001  0.04515913  1.20579208]
[ 0.07653715 -0.15562705  1.6344648 ]
[ 0.50113106  0.06030636  1.44311728]
[-0.1035968  -0.04336353  1.52682891]
[-0.22543345 -0.1736988   1.11468232]
[ 0.13138062 -0.0134438   1.75603251]
[-0.13816205 -0.25627464  1.42434074]
[ 0.17910587  0.14048707  1.66140868]
[ 0.22290401  0.14732915  1.11742299]
[-0.41839757  0.10830978  1.63180024]
[ 0.25125589 -0.21784467  1.70796303]
[-0.43492744 -0.07321183  1.35314095]
[ 0.03897438  0.04697239  1.27271339]
[-0.0843399   0.13352078  1.3294041 ]
[ 0.09573102  0.05916057  1.55900977]
[-0.05606249  0.12296517  1.31311801]
[ 0.28670703 -0.04125832  1.51915818]
[ 0.17718705  0.35351223  1.31416344]
[-0.11319802  0.15689155  1.43789098]
[-0.02572503 -0.05501094  1.09149088]
[-0.18706505  0.27449439  1.54056637]
[ 0.24165538 -0.05840036  1.55771755]
[ 0.19202567 -0.42875227  1.49899363]
[-0.14253483  0.25302297  1.36564626]
[ 0.14149886 -0.02840381  1.65845619]
[-0.39530705 -0.21390555  1.36476808]
[-0.37619766 -0.21171713  1.46194911]
[-0.09134159  0.08307642  1.46209328]
[ 0.10013483 -0.06094347  1.50514685]
[ 0.33456642  0.19882332  1.20030535]
[ 0.07755565  0.08652272  1.73787671]
[-0.06784943  0.10024615  1.44473838]
[ 0.18407835  0.0658559   1.52942445]
[-0.36407317 -0.19306679  1.44126326]
[ 0.13820764 -0.00428553  1.75564242]
[-0.08477398  0.47004224  1.26015316]
[-0.20668039  0.08899017  1.36906164]
[ 0.02239451  0.11671498  1.51472957]
[-0.18585678  0.32843202  1.45246145]
[-0.00662001  0.18376976  1.61408525]
[-0.00164267  0.11266927  1.50849661]
[ 0.10071973 -0.09485261  1.40343987]
[-0.22886426  0.13225519  1.4571613 ]
[-0.19947488 -0.26075323  1.40564157]
[ 0.15574538  0.33671833  1.2507766 ]
[ 0.0134948   0.1497607   1.29184496]
[ 0.04017326 -0.11971633  1.64417425]
[ 0.08920323 -0.3956238   1.52295778]
[ 0.06930041  0.11364533  1.45375714]
[-0.02941445 -0.17019761  1.52298129]
[-0.38888507  0.05772673  1.72382471]
[ 0.27308265 -0.00555814  1.79662755]
[-0.05820375  0.1438538   1.65158246]
[-0.12979641  0.46634848  1.60428217]
[ 0.09797219 -0.11921587  1.63733756]
[-0.17098098 -0.17048178  1.28655748]
[ 0.15019465  0.02511353  1.16905163]
[ 0.08273288 -0.07643267  1.75760006]
[-0.24125987  0.10313427  1.55060297]
[ -1.29211683e-01  -1.24702668e-04   1.70531988e+00]
[-0.24903233 -0.24441197  1.54129599]
[-0.3510478   0.11021368  1.51770732]
[-0.24732086  0.23390392  1.77872897]
[ 0.29394521 -0.04913406  1.67423332]
[ 0.23836195 -0.11889926  1.81309523]
[-0.15156574 -0.47805329  1.57950797]
[-0.05809389 -0.266176    1.6555946 ]
[-0.17941056 -0.14533978  1.35236849]
[-0.1065541  -0.14926497  1.70935086]
[-0.34694291  0.04430788  1.7667078 ]
[-0.06133007  0.09928276  1.27940576]
[-0.14254969 -0.06140194  1.38134295]
[-0.10627335  0.05839494  1.38307796]
[-0.16722691 -0.14499531  1.35293055]
[ 0.27756046  0.01508956  1.75511971]
[ 0.10915018 -0.2315404   1.76704774]
[-0.02416644 -0.13292206  1.38961091]
[-0.10572147  0.12334288  1.69963725]
[-0.04224401  0.13993257  1.38048719]
[ 0.10230442  0.09338622  1.48641976]
[-0.03116137 -0.11963443  1.24309926]
[ 0.20441694 -0.24657286  1.11318981]
[-0.02867462  0.17505587  1.30667488]
[ 0.04366047 -0.31858982  1.53658291]
[ 0.36468146 -0.245061    1.6731248 ]
[-0.31453148  0.10688337  1.61312016]
[ 0.06457138  0.16442468  1.31426519]
[ 0.10906846  0.18470519  1.48984325]
[ 0.01350613  0.11155441  1.40883523]
[ 0.05177132  0.10044437  1.73071946]
[ 0.01125897  0.14302068  1.54294288]
[ 0.06266247 -0.23757027  0.9702648 ]
[-0.10130977  0.06963192  1.12652374]
[ 0.11960604 -0.08591535  1.56551214]
[-0.12627522  0.08476503  1.74585515]
[ 0.36769625  0.11045771  1.13318142]
[-0.21907325 -0.73748113  1.48129464]
[ 0.14775578  0.10589422  1.22198301]
[-0.08043691 -0.0970101   1.38799089]
[-0.03148565  0.11051423  1.22547697]
[ 0.29982275 -0.18679879  2.06083774]
[-0.12416068 -0.01878023  1.98763912]
[ 0.01796819  0.11617181  2.00383914]
[ 0.18738846  0.35307421  1.40562265]
[-0.17549551  0.38017327  1.71662989]
[ 0.18688006 -0.04546511  1.9973259 ]
[-0.33316384  0.24988613  1.38254547]
[ 0.58659817 -0.33693844  1.70278245]
[ 0.01821641  0.33332093  1.84056271]
[-0.25332247 -0.24770969  1.52525418]
[-0.14743143  0.04264895  2.1145652 ]
[ 0.01895412 -0.17984381  1.97891567]
[-0.41796953  0.0451291   1.19436356]
[ 0.11590222  0.54650613  1.7930641 ]
[-0.30442414  0.38936467  1.43906427]
[ 0.11304877 -0.0374882   1.86454486]
[ 0.10006033  0.24527195  2.16089924]
[-0.50652784 -0.28176893  1.64945952]
[-0.01152172 -0.13704647  1.60349376]
[ 0.30527848 -0.07266723  1.9967297 ]
[-0.36759297  0.37077184  1.71748416]
[ 0.31210256  0.02414007  1.34877568]
[ 0.29298848  0.49380824  1.0577719 ]
[-0.08300926 -0.79411721  1.13642925]
[-0.66663017  0.14068172  1.56130756]
[ 0.46092316 -0.14294614  1.84948866]
[-0.42327992  0.16241422  1.54481933]
[-0.62415236  0.32177161  1.69706739]
[ 0.03757221  0.20404379  1.7576654 ]
[-0.13949279  0.287377    1.86975536]
[ 0.08426208 -0.13658655  1.92116932]
[-0.07866476  0.18651167  2.11721932]
[ 0.02151761  0.1669725   1.6803487 ]
[-0.41700789 -0.3017959   1.57522675]
[-0.11419382  0.00417657  1.53894752]
[-0.13711993  0.14833263  1.26443055]
[ 0.17708507  0.19882739  1.96815143]
[-0.06311626 -0.20638889  1.90838973]
[ 0.60475701  0.36806077  1.75824553]
[-0.13628217  0.52783856  1.83084911]
[-0.03117194  0.11252589  1.98610922]
[ 0.09272167 -0.0975991   1.84055405]
[-0.18080727  0.22746622  1.99274108]
[-0.06689891 -0.64712122  1.67109333]
[ 0.53464914  0.25519724  1.78098557]
[ 0.11788829 -0.07321549  1.16211564]
[-0.10021123 -0.0559161   1.92136284]
[ 0.24500472 -0.7199134   1.27864038]
[ 0.00955817  0.44000509  1.98010847]
[-0.09804796 -0.21764743  1.69187634]
[-0.10295791  0.15492571  2.0033223 ]
[-0.19686121  0.27180991  1.60283152]
[-0.11830013 -0.20637829  1.79442707]
[ 0.03541387 -0.10545857  1.04256405]
[-0.713703   -0.3986973   1.50537944]
[ 0.39428889 -0.14296281  1.09912334]
[-0.22488629  0.04752252  1.83313152]
[-0.71649878  0.23933736  1.62668145]
[-0.01195822 -0.10926669  1.7195844 ]
[-0.02419384  0.24049544  1.97225381]
[ 0.11084335  0.05454683  1.31975206]
[ 0.21977344 -0.58769495  1.86398196]
[ 0.11009249 -0.07627247  1.74010704]
[ 0.06878131  0.39714546  1.98108966]
[ 0.33490968  0.4881137   1.58660696]
[-0.12032722  0.0549556   1.37596128]
[ 0.53376343  0.00298913  1.7572747 ]
[-0.39852437  0.56567043  1.7640166 ]
[-0.79912001 -0.00548882  1.35213188]
[-0.26002986 -0.05518044  1.7384871 ]
[ 0.12391266 -0.04306011  1.40537638]
[ 0.40643778  0.11869315  1.04556964]
[-0.57973734  0.17107007  1.58343127]
[ 0.09986721  0.05511799  1.40618666]
[-0.0644461   0.28852527  1.71084803]
[-0.15696332  0.07490737  1.1300425 ]
[ 0.19642432  0.26679797  1.818523  ]
[ 0.21756196  0.03430938  2.00124617]
[ 0.038003   -0.11852577  1.54845   ]
[-0.28757772  0.38162041  1.24455877]
[-0.04417518 -0.10027204  1.48576434]
[ 0.07989293 -0.11555096  1.73048852]
[-0.73345969  0.21595763  1.04151373]
[-0.08101126  0.22002796  2.13843845]
[-0.04532177  0.18061051  1.47939615]
[ 0.39042791  0.15917193  0.80846628]
[-0.56436353  0.36438339  1.43181656]
[-0.04536233 -0.1083586   1.59244062]
[ 0.04654122 -0.09882288  1.60577644]
[-0.69290921  0.23442526  1.69067308]
[ 0.45963274 -0.46083949  1.91172889]
