[ 0.42721563 -0.17670167 -2.36185496 -0.53701971  1.85391548  2.64731624]
[-2.08294634 -1.84258654  0.09147868 -3.00209428  1.64401308  1.00356466]
[-2.77086151 -0.19667119  2.34702256 -2.55092847 -2.22729773  1.86954774]
[ 1.01379685 -0.53105656 -2.67131862  2.86551689  1.13468635 -0.00530183]
[  5.72051171e-02  -1.91882134e-03  -2.90423271e-01  -2.75783122e+00   -5.07188559e-01  -4.36667760e-01]
[-0.84568331 -0.60614817  0.91762866  2.5500617   1.13771373  1.44182104]
[ 0.6842476  -2.88469428 -1.61425527 -2.77304684  1.11485587 -1.43399921]
[-3.09841376 -0.7909598  -2.06721277  0.16961955  1.70591318 -1.3598404 ]
[ 1.52267371 -2.66807823  2.02775164  2.76879711 -1.18082772 -1.60152588]
[ 2.59960298 -0.79411204 -0.96771253 -2.52450489 -2.84462959  1.66943203]
[ 1.17784607 -1.3463499  -0.93449791 -1.70382393  1.95825463 -2.32578933]
[-0.20814466 -1.23676142 -0.95517207 -1.03048198  1.45563307  2.57939047]
[ 0.97506101 -0.3211341  -1.78527005 -0.33699616  2.92068905  1.49358749]
[ 0.14143641 -1.444864   -0.84308277 -1.43160535 -2.0374155  -2.82315881]
[ 3.06526947 -1.21247582 -2.13273603  1.93242242  2.47144026 -1.96204225]
[ 1.35557285 -0.19874369 -0.27837669  2.13692041  1.66920346 -1.59238531]
[-0.74132201 -0.77646946  1.96063779 -1.46163813  2.70477905  2.33773684]
[ 2.30841175 -2.39724421  1.75639529  1.6325275   0.52270891 -0.02735114]
[-2.10137607 -1.0412874   2.52067142  1.48012225  0.01177328 -1.32856128]
[ 2.43136757 -0.3671681  -1.24077452 -1.66079356 -1.7546547   0.8243246 ]
[-2.58833025 -3.04738425  0.19947633 -1.17967502 -2.41647164 -1.86440414]
[-1.83296368 -1.85690049 -1.1829428   2.11661993 -2.67901012 -2.20027872]
[-0.45317495 -3.10507426 -1.19122852  0.44485179  0.22190482  2.00436202]
[ 2.18004677 -0.80324655  1.89863545  1.05595475 -1.36014114 -1.8646335 ]
[-1.28459243 -3.13751105  2.75489818 -0.44259081  2.78175616 -2.9180422 ]
[-0.00850174 -2.2661734   2.93518716 -3.01359835  1.95892219 -0.85380461]
[-1.76117014 -0.49956168  1.41144863  0.03194617 -1.8594357   1.48718176]
[-0.08115294 -0.81194534  1.58326334  2.32869506  2.20743426  2.30586995]
[-1.59518611 -1.46951942  0.64360622 -0.44279645  2.02741558 -0.82551116]
[-2.31417834 -1.42700396 -2.96632142  1.50901566  0.89758875 -2.87332604]
[-1.99450386 -2.81974694 -0.3170802  -2.91241435  2.42174242 -0.66408429]
[-1.00276985 -1.55232383 -2.37952709  2.23221184  2.82924791 -0.19721139]
[ 0.42715601 -0.68586134  0.40645156 -2.63844085  1.01875937 -2.77032176]
[-0.92963751 -0.41311708  0.62983124 -2.68059419  1.09873734  0.67224903]
[-1.71795968 -1.38134539 -2.58701066 -2.244719    2.88614917  2.49053245]
[ 3.04838685 -2.78829339 -2.31228783  2.50995795 -0.21463363  0.63951875]
[-1.07902214 -1.79702625  1.31125933  2.21403252 -3.13154161  1.57183136]
[ 1.57606149 -1.42890544 -2.48369853  2.98374524 -0.66794763 -2.67293133]
[ 0.42124338 -2.01440289  1.03740264 -1.6246188  -3.120677    0.24623347]
[-1.28050204 -2.24005914  1.81105166 -2.05536343 -0.28075019  3.10707095]
[ 2.37654322 -2.06341821  0.75294116  2.32913794  1.70453712 -2.62457778]
[-2.98875322 -2.02856534 -0.56289289 -0.29038782 -0.20108272  2.15204765]
[-2.47489145 -2.30450773 -0.38199154 -3.0980998  -1.20681312  2.62330847]
[-0.98266088 -1.8601217  -2.33580626  1.87490075 -0.83459578  2.452032  ]
[ 0.20494238 -0.88638147  1.37841128  0.36954728  0.704923   -1.01088948]
[-1.09735651 -1.71177398  2.22113477  2.71228318  2.91538919  0.13787142]
[-1.10523861 -1.90516858  0.93519695 -1.0989021  -1.37531864 -2.94722953]
[ 1.52118522 -1.69397751 -2.42309477 -2.895712   -1.2796467   2.12048252]
[-1.37217138 -0.81766962  1.60918702  0.41880077 -1.0111637   2.16103045]
[-2.85221956 -2.05765912 -2.34075523 -0.22042369  1.01648674 -1.75817641]
[-2.38343619 -2.86966814  0.41530041  0.14329574 -1.6678427  -1.43635183]
[-2.41363687 -0.95029117  2.14329237  2.99609866 -0.82161101  1.4041825 ]
[-0.94254765 -0.19244127  0.38491796 -0.08688067 -1.82668908  0.66101256]
[-0.24817153 -2.27037276  3.03914604 -2.98220658 -1.26681913  2.86212958]
[ 1.68403392 -2.35155946 -1.12900126 -1.88093122  2.1399295   0.40053014]
[ 0.19424025 -2.75380481  1.92605967 -1.90630021 -2.82720107  1.5790793 ]
[-2.85566609 -1.88317397  0.52155911  3.05556623 -0.25812549 -1.43839971]
[-0.5941609  -2.67780197 -1.9118924   2.95009522 -0.01556167 -2.18766915]
[ 2.29924892 -1.92006534 -1.40864766 -0.16283962  0.88738025  1.49560113]
[-2.53676593 -0.85892149 -2.08837752  1.2602835  -0.07959307  0.45618648]
[-0.33583021 -2.40880761  2.5827095  -3.06466305 -2.08047817 -2.49090649]
[ 2.02494917 -2.24518824  1.7967473   2.28820699 -0.91291124 -2.14647491]
[ 1.61397813 -0.90234402 -1.66953181 -2.57616139 -2.45378822 -0.52476226]
[ 0.95433987 -2.05200826 -0.67208226  1.29996757 -0.57024315  0.30477526]
[ 1.17823222 -3.06715729 -1.8478586  -1.78894519  0.51986865  2.07087328]
[-1.99319984 -1.90083101  0.0204322   0.52731483 -1.24700149 -2.22852978]
[-2.3133689  -1.00754151 -2.62166939  2.61310731 -0.69862236 -2.49266475]
[ 0.17287281 -0.69853648  1.65436387  0.9599797  -2.14876283  1.72321392]
[-0.59247857 -0.57585646  2.35835388 -0.89702415 -2.69417782 -2.77219463]
[ 2.20788349 -2.95370259 -1.62112806  2.17378635 -2.04265164  0.23366903]
[ 0.73583772 -2.29855824 -1.88701264 -1.71160794 -1.52346921  1.46934278]
[-0.4011188  -2.96625903  2.28584778 -1.25660719  0.44048343 -3.04810308]
[ 0.06014915 -2.06671765 -2.60866968  1.2598669  -2.87808141 -2.53872191]
[ 1.44325362 -1.09611354 -0.39898053  2.17192515  2.54032911 -2.76684691]
[-2.93096806 -2.00545231  1.12340908 -2.30040353 -0.88992209 -2.77579398]
[-0.12010999 -1.50653882  2.85816749  0.35421112 -2.87880848  0.0285736 ]
[-2.90711214 -2.37819944 -2.70888592  1.18006818 -2.46297011  0.24291523]
[-0.24826336 -2.93095595 -1.82849343  2.8264799  -0.45843591 -2.20143163]
[-2.41083011 -3.13736717  2.76750291 -0.02511371 -1.87879232  0.91748698]
[ 1.40737326 -0.11208672  1.2134218  -1.19587866 -0.74393536  2.0142868 ]
[-2.68997364 -2.14275576 -1.36715137  1.15561831  2.24060847 -2.45367279]
[-1.89143672 -0.05454094 -1.98036936 -0.06035287 -0.07735976 -0.38039636]
[-2.0066077  -1.94084653  0.69503545 -2.94839047  3.04734827  1.75298947]
[ 1.07272121 -2.64301339  2.35740743  2.55873356 -2.78370341  2.264503  ]
[ 2.62335956 -2.95357723 -2.55011352 -0.7715145   1.70307243  1.64506637]
[-2.42469392 -0.72960525  2.9645568   1.4630326  -0.44665346 -1.99623255]
[ 0.67427608 -1.93893471 -1.05392421  0.00267867 -0.8072823  -0.56945589]
[ 2.45221994 -2.48809016 -2.45833174  0.52509405  0.95441508 -2.1171483 ]
[-0.89885422 -3.06854121 -2.71978142  0.63514951 -2.743388   -2.45792588]
[ 1.42967637 -1.31548563  1.65180859  2.57250427  2.61782773  1.71287349]
[-2.31739626 -1.00885723 -1.01949646 -1.64792503  0.55941037  2.34077979]
[-1.07419107 -1.73029255  1.24913065  1.36836132 -0.24330779 -3.06799189]
[-0.09101276 -2.46165464  2.00415953 -2.24472875  2.49345194  1.50039065]
[-2.99775308 -1.55561161  1.51442499 -1.01476576 -0.60484243  2.8196641 ]
[ 0.46763809 -0.28899492  1.38017318  2.05719836 -1.4593344   1.55954422]
[-1.08531592 -0.50156596  1.59226167 -2.09190377 -2.62508528  1.63089152]
[ 2.69877176 -0.51828976  0.84178421 -1.20791211 -1.98933798 -1.1316993 ]
[ 0.8570293  -1.06141129  3.01913566  2.53894236  2.72034846  2.73354426]
[ 0.537978   -1.96326257 -0.99860653 -1.24882734  1.15188909 -2.63390243]
[ 1.71029462 -2.59650563  0.58981833 -0.90004794  0.45408858  1.17395369]
[-0.51180868 -2.52582177 -1.39952357 -0.10184352  3.02487278 -1.76895956]
[ 0.87878277 -1.75579621 -2.68062888  2.86322297  1.08528737 -1.89808201]
[-1.52458846 -2.63865446  2.05367556  1.78112417  1.50423846  0.73973992]
[-0.8467526  -2.30790573  1.41264971  1.43478098 -0.10991757 -2.14833207]
[-0.75556836 -1.18290156 -2.48011062 -1.97990568  2.29923776  3.05800683]
[ 0.4128432  -0.26280709 -0.08001791 -1.95196428  2.19230496 -1.81366305]
[ 1.65003845 -2.8672972   1.83106832 -0.17378427  0.69672355 -3.08022914]
[-2.55694638 -3.12826181 -3.11106635  1.17717327  0.7993483   1.11012096]
[ 2.35170265 -0.22457292 -0.34558535 -3.0903481   2.82557563 -0.45903223]
[ 0.52331465 -3.03047791 -2.20696499  2.56384652  1.62311435  1.89120026]
[ 2.37340995 -0.52480633 -2.18825803  0.23453147 -3.02969003  0.14839062]
[ 1.74820994 -0.20284226 -3.00793991  1.21994814  1.40592142 -0.99802645]
[ 2.27347884 -0.72831482  1.94847008 -2.75629035 -1.18690771  1.42264276]
[-0.05275685 -0.55848855  2.02506414 -2.30886198  2.49893751 -2.99216705]
[ 0.24177526 -2.60515949 -2.55830307  1.53922319 -0.55839684  0.11705609]
[ 2.93471119 -0.56253818 -2.34419128  2.58003733  1.54522583  0.65782629]
[-1.74541577 -1.69413213  0.47525412 -2.64808832  0.18853526 -2.72630337]
[-1.47355591 -0.794373   -3.04613881  0.88044363 -1.25056215  2.95644834]
[ 2.39129535 -1.3046904  -2.31038506 -1.48315561  2.5586009  -1.13471406]
[-0.39769996 -1.89475217 -1.28194172 -2.38062539 -2.75793695 -3.12033891]
[-0.70599685 -2.5066658   1.31005183 -2.51987496 -0.90063453 -2.04262228]
[ 0.56480667 -2.77742468 -1.7808523  -1.99427755 -1.08908263 -1.6566213 ]
[ 1.43451224 -1.73319566 -2.25694353 -0.86251359 -1.77895422 -1.3371839 ]
[-0.35128941 -2.01065987 -2.65693127  3.12424232 -0.19158597 -1.9502673 ]
[ 1.04733834 -0.31926317  0.11394508  0.50386845 -0.35159898 -2.46793199]
[ 1.67535555 -1.84307925  0.43625972  0.71871548 -0.97343566  2.95725869]
[ 0.36676632 -3.10838836  1.89308217 -0.12895057  1.62920923 -1.77177011]
[ 1.95276872 -0.75432905  2.776897   -1.78640678 -1.80225842  1.4251145 ]
[ 1.10325026 -0.86284529 -3.0676526   0.64039731  1.62378814 -2.37584995]
[ 1.70810118 -0.67016654  2.85678581  2.6135396  -1.3536661   1.34182726]
[-1.26953178 -1.95587843 -1.86087532 -1.53553576  2.70693732  1.47368695]
[-3.00982164 -2.89435121  1.30433108  0.59175343 -0.72548765  0.56381763]
[ 2.4657084  -1.90331753 -2.60777958 -2.75814666  0.7736642   2.58156139]
[-3.12963641 -2.2397464  -3.11768895  0.73461838  2.89551083 -1.76891562]
[-1.04214967 -0.17873554 -3.06002086  2.00181767  1.25975251  2.5551065 ]
[-1.34198369 -2.26918254  1.44515011 -1.53206194 -0.54463625  2.57975143]
[-0.91556322 -2.89081344  0.82190551  2.56259798  0.67130753  2.67644899]
[ 2.82014386 -1.63520272  2.14137547  1.41257949 -0.14701452 -0.00406157]
[ 2.49290162 -3.05094369  0.71840001  2.05257402  2.40797857  0.61738718]
[-0.75155615 -0.10643477 -1.70338613 -0.67254964  1.88602359 -0.92192973]
[ 0.36657457 -0.05356247 -1.47036079 -2.74270007 -0.35399404 -1.44625518]
[ 0.07540697 -1.72143824 -1.32597228 -0.2693971   2.00584057 -2.78246511]
[-2.95179487 -1.9557938  -2.34145728  1.4202877  -1.78514064 -0.72663115]
[-1.07623797 -3.00587438 -3.0331982   0.32521735  1.56497473  0.09751559]
[-0.73214294 -0.31679639  1.84451228 -2.08272058  0.9240738   1.15395512]
[-1.27018894 -2.66690271  2.57931387  1.17427996  1.46676559  2.28138547]
[-0.27517628 -1.99085798 -2.7182781  -0.89113259 -2.9687724   1.3049903 ]
[ 1.37767457 -2.00046222 -1.7174047  -0.46653954  2.30724229 -2.23730378]
[-0.49363264 -2.62429021 -0.30884717  0.27147456 -1.52088573 -1.3495203 ]
[ 1.11192293 -3.11849796 -0.69576329 -2.05307199  2.2618308   1.36640903]
[ 1.04879417 -0.51943182  0.90993007  0.18979001 -1.67535535 -0.63932449]
[-1.95230452 -1.11044799 -0.76050693  1.35615766  2.25115932 -0.06023026]
[-0.46560676 -0.00562876  0.02580096  1.0115052   2.89302838 -1.30817477]
[ 1.90652254 -2.5045774  -0.30274077  2.56630559  2.64433556  0.38251592]
[-2.05008297 -2.66854035  1.08084906  2.86065815  1.59715623 -1.14347076]
[ 1.59274168 -1.23783475 -2.4504077   2.0455537  -2.07051512  2.14963108]
[-3.12645812 -1.7002092  -0.94940037  3.04650889  1.83352962  1.53526187]
[ 2.28453751 -1.3780535  -2.47366498 -1.5257903  -0.69523489 -1.66016362]
[ 0.98562138 -0.65527562 -1.57858238  0.63293711  1.26801768 -0.38585238]
[-1.41411268 -0.18865426  1.29161538  0.52938959 -0.51110853  0.04525645]
[-0.53539053 -0.1268934  -1.64642735 -3.00655261 -2.22530597 -1.30407056]
[-0.18213235 -1.79139821  0.45074905 -0.96862857  1.22007994  2.12692086]
[ 0.99463015 -0.86355266 -2.30134348 -2.6507407  -2.28007755  2.2551648 ]
[-2.96683666 -1.87603521 -2.34217034  3.13614287 -0.0415987   2.4456507 ]
[ 1.75716507 -1.3179678   0.18584778 -0.69693095  2.61380958  0.35873934]
[-1.52797919 -0.54836093  2.98344516 -0.45711139  0.60561086 -0.37487078]
[ 0.55793519 -1.21965793 -0.03421857 -1.1892275   2.57129846  3.09202915]
[ 1.70349563 -2.40646236  1.8745659   0.95491299  0.13002483 -0.29418657]
[-1.06469269 -2.27835595  2.46839471  1.82946239 -3.06647213  0.73551753]
[ 2.75718424 -0.15324083  1.6007242  -2.36466238 -1.53862649 -0.84960459]
[-1.49246785 -1.80866276  0.36731668 -0.45566578 -1.83402346  1.23980307]
[-2.7738682  -1.45911956 -2.52557764 -2.93495757 -1.14212889 -2.15610822]
[ 1.57718453 -2.63396258 -2.22442838 -2.51342777  0.53372167 -1.05432496]
[-1.60905913 -1.46060858  2.1804193  -2.6412301  -1.96599267  2.42050076]
[ 2.09019837 -1.74262281 -2.53487228  1.29049087  2.9551107  -1.69126278]
[-1.24753322 -0.16674329  2.19465239 -0.34092594  0.86163241  0.60617035]
[-2.55618822 -2.71296768 -0.31178374  1.18648394 -0.59139906 -1.004472  ]
[ 0.30330487 -2.33322138 -0.09960235  1.10276586 -0.84181035  2.66173111]
[-2.56909312 -2.45832459  0.68558797 -1.40008348  0.80476591 -2.43866518]
[-0.11393816 -1.23699162  1.70352993 -1.31822426  1.03633955  0.50510922]
[-1.85791054 -2.64091046  3.12566754 -1.02004381 -0.98442853 -0.4014592 ]
[ 3.10360122 -0.2154888   0.1669365   2.63808709 -1.10246825 -0.40593161]
[ 1.67048842 -2.74567028  0.07578422  0.29211889 -1.73707867 -0.46344195]
[ 0.93795398 -1.80750144 -1.13636095  2.6841865  -0.43843127 -1.48494076]
[-0.96793908 -2.45829134  0.31448414 -2.06993906 -0.67025749 -1.33510654]
[-2.31380208 -0.67912911 -1.72725602  0.13182326  2.67814067  3.04310476]
[-1.85372638 -0.6297634   0.01938215  2.44912208 -2.51260128  1.99352457]
[ 1.71608993 -2.7830649  -2.94770686  1.5164762  -2.03509669  1.93789051]
[-2.64024043 -2.55727075  1.17342094 -1.47965672  2.27196486 -0.57433937]
[-0.33226111 -2.84693075  0.97519168 -1.852175   -0.62563168 -3.11525907]
[ 2.90056112 -0.42211483 -2.5479649  -2.21762155  0.50161859  0.39018733]
[ 0.52765123 -1.42326637  2.97444473 -1.16707679 -0.95962745  3.0603993 ]
[-2.10617049 -0.96154605  2.2865331  -2.27148183  2.73640508  1.58242803]
[ 2.44806655 -0.72898585 -1.68343533 -0.05793998  3.09886053  3.13133923]
[ 1.64671443 -0.80819761  2.86525898 -0.58033941  1.19364742  0.83245175]
[-1.46995311 -1.32319627  0.92168312  1.80638759 -1.98454584  2.69340513]
[-2.84606593 -2.8475089  -1.81171001 -1.20954148  2.46137672 -1.06309912]
[-0.74028891 -2.35409657 -0.27734411 -1.16679407  2.22236275  2.56444114]
[-1.72001867 -2.56492834 -1.17298216 -1.60301087  0.57356767  1.44031383]
[-2.49251121 -0.58411101  1.55841516 -1.8466857   0.48930338  1.03705065]
[-1.71558392 -2.12168038  1.60529412 -2.25200992 -2.16801349 -1.38827979]
[-2.43380806 -2.63180206 -0.53420938 -2.08800278  0.02731726  1.70267405]
[ 2.74192941 -1.73262126 -0.5900412  -0.93494385 -0.1630225  -1.56101421]
[-3.11412607 -1.70136664 -2.09345564 -0.0190895   2.00604705 -0.99872816]
[-1.62893021 -1.71270463  1.34595753 -0.65118114  0.007632   -1.35714361]
[-1.71711864 -3.11088701 -2.86185017  2.6152105  -0.2816755  -0.52732465]
[-1.39012635 -0.41143185  0.10596361  1.16170765  1.01244846  2.31377965]
[-2.68297818 -2.40607966 -2.99839479 -0.67714388 -2.83932903  3.13357028]
[ 0.42948266 -0.71251749 -0.07683046  1.50908048  2.9537063  -2.32771564]
[-2.32758747 -2.41744216 -3.05386304 -1.82977145  0.11298073  0.34621839]
[-1.70333856 -0.70432402  1.63381078 -0.40418794  1.28852596 -2.53889142]
[-2.89981397 -0.46116675 -0.21649409 -2.40168697  0.58678531 -0.36955488]
[ 1.66343359 -0.66306847 -2.97381956 -0.08346582  0.37092052  1.43059382]
[ 2.68021852 -2.30418284  0.56171053  2.49447825 -1.84386985 -1.2220555 ]
[-2.8141297  -1.42739276 -0.32314587 -3.05998351 -2.97571159  3.08614952]
[ 2.37217833 -0.17639966  2.81225727  0.42019318 -1.80558204  2.91846639]
[-0.66319532 -0.49425346  0.35042869 -0.61461041 -0.27002039 -3.02414891]
[ 2.413008   -2.73269218 -0.22794017  1.30278755 -2.65270287  3.05057404]
[ 0.84949274 -0.52880983 -0.16335705  2.11386433 -1.2134432   0.67412289]
[ 0.20002555 -0.36982241 -0.12255855 -0.17851218 -0.64027818  1.98621164]
[ 1.72660237 -1.59519271 -1.20065192 -1.80989186 -0.94309265  1.93640467]
[-1.48778225 -0.88445271 -1.61502085  2.73148991  2.04590836 -1.98593492]
[-0.65983594 -0.47348024  0.93906213 -2.55032448  0.31783215  1.83175815]
[ 2.92965535 -1.60022379 -2.18038619 -0.44708417  2.02090503  1.79401787]
[ 3.07615216 -2.11098242 -1.67884657 -1.71156723 -1.25928006  2.65629613]
[-0.62352717 -2.47927571 -1.64957444 -2.8859476  -1.5327224   0.75877755]
[-1.4261713  -0.40891264 -0.35522782 -3.07961275  1.86522165 -1.38442898]
[ 0.6166538  -1.73004421 -1.05108242  0.1099178  -0.52236025 -1.93611625]
[ 0.00951535 -2.34176889  0.73437957  1.34720775  2.01974177  1.15138442]
[-1.09912802 -1.02817652 -2.42832527 -0.46366632  1.72277303 -1.79637304]
[ 0.73494633 -0.96928017 -0.29050516  0.56325902  0.77515408 -0.79580847]
[ 2.30378212 -0.58273712 -0.30653479 -1.47331604 -0.0547938  -1.08195531]
[-1.83092176 -0.61931297 -1.54182816 -2.55532549 -0.95323767  2.5404165 ]
[ 0.17665159 -0.73050603 -1.82389472  2.47041411  1.54792939  1.67226601]
[-1.98236537 -0.41252236 -3.07826198  0.35096881  2.06674271  1.5022253 ]
[ 0.4488192  -1.31227942 -1.30529944  0.74037923  0.07021323  0.72196438]
[ 0.47089173 -1.66621172  0.80351158 -1.88635822  1.02255049 -0.60418626]
[ 2.28224956 -1.15550836  1.16175914  1.75307556 -2.06140463 -2.52227626]
[ 2.79964155 -1.56446752 -0.34116298  0.69732143 -2.37911651  1.22758523]
[-1.98602378 -1.94572464  0.40379588 -1.57857679  1.2580521   2.95869413]
[ 2.22439961 -0.56531028 -0.16238005 -3.01545015 -2.38582806 -2.45034444]
[ 0.52674744 -0.26640971 -1.26914375  2.69012083 -0.52954175 -0.85902416]
[-0.10357233 -0.79545015  0.55526113  1.81019004 -3.0050334   0.42593959]
[ 2.24974315 -1.6284082   1.10463855 -0.96974625 -2.28609736 -2.57401709]
[-2.16362502 -1.26739921 -2.44015356  0.43544426  0.94319231 -0.49955627]
[ 2.85427392 -0.43621725 -0.25568441 -0.1607029   2.88288008  0.32588302]
[-0.6774256  -0.63691541  0.15447596 -1.86261536 -1.11566584  0.26682248]
[ 1.06676219 -1.16980776  0.0606705  -0.32749636 -1.91464028 -1.48756969]
[ 0.60424326 -0.46154363  1.76222451  1.62222558  1.95381255 -2.26558716]
[-0.02614833 -0.4964576  -1.6593704  -0.8332554   1.43406823 -1.65801164]
[-0.50450709 -0.87883228 -2.61121115  1.37571968  2.64060651 -0.54066098]
[-0.02163318 -2.40856915 -1.40186453  1.61173454 -0.36497502 -2.57479949]
[-1.27049612 -2.3916865  -0.28825713  0.79398488 -0.53596864  1.56576331]
[ 1.18116814 -1.01333916  2.42039181  1.35149165  0.72943363 -2.22435038]
[ 0.25460999 -2.38804636 -0.31959872 -1.95853106  2.24039749  0.78218105]
[-0.69025734 -0.26648583 -1.53151487 -2.20977308  2.15012425 -1.8644223 ]
[-0.1501704  -2.75383032  2.72831746  1.73736442 -1.29090222 -1.25542218]
[-2.87311833 -2.10470646 -0.65190722  2.60321032 -0.60047424  2.15806408]
[ 3.10052099 -0.91770105 -0.55482129 -1.28395109  2.52727406  1.08415033]
[ 0.0894372  -1.73082389  1.27233281 -0.52818386  0.18055555 -1.17560414]
[-0.94226893 -2.56010418 -3.0281907  -2.41506814 -0.5366326   1.38204663]
[ 2.42771243 -0.17466071 -2.8293996   2.81384009 -0.91497893 -2.90277256]
[ 0.52612632 -0.29428109 -2.99426547 -0.94481611 -1.35342672 -2.49623262]
[ 2.64221528 -1.1672151   1.05193589  0.21349503  2.18836655 -2.3974238 ]
[ 1.2635883  -2.15238317  2.26177556 -2.97098854  2.34706058  1.55202093]
[-0.92900548 -2.32787212  1.9780908  -1.880682    1.46515962 -0.97247898]
[-2.27322236 -2.34409932  0.10390747  2.22170007 -2.36310771  1.81143208]
[ 0.4175584  -0.71366459  3.04747283 -1.69291614  1.89650613  2.89105363]
[ 2.48386062 -0.58227275  1.04606836 -1.61300378 -1.48522507  3.04408573]
[-2.77310247 -2.14613895 -2.68267233  1.77289848 -2.80945705  1.81308266]
[-1.98412272 -0.13021175  0.41659495 -2.04196445 -1.86167031 -2.56554276]
[-3.05393758 -0.61713216 -0.13312907  0.24794753  0.05266856  2.97187974]
[-0.20018943 -3.08530593 -2.79439085 -1.58836908  1.50405423 -2.11389513]
[ 1.63296356 -1.35732988  1.60890047 -2.49544352 -2.92588783 -0.16273542]
[-1.88877112 -1.07866901  0.33285152 -1.20345466  2.13861288  0.82045245]
[-1.00783972 -2.96520607 -0.94595697  2.02693036 -0.41312848  0.58728407]
[-1.28623851 -1.14044083  2.96061394 -3.04689852 -3.00613117  0.70778342]
[-1.40566699 -2.9230808   1.84694118  1.2341306  -2.30611292 -2.67599401]
[-2.7205826  -1.00956988 -1.62597744 -0.71812665  0.50465678 -0.43013969]
[ 0.61976123 -2.96845371  0.63327855  1.58335438 -0.66559961  1.45087292]
[ 2.18209123 -0.80225482  2.17790452 -1.37104083  2.27102668  0.36187236]
[ 2.79223646 -0.95503979 -1.48917073 -1.7812005  -1.97604204  1.016568  ]
[ 0.70372288 -1.21935937  1.20308782  3.06773     2.82287269  0.95200726]
[ 0.58540217 -2.35882509  1.86332856  0.72452126 -0.81673452  2.85360506]
[-1.51201652 -2.80070452  0.76177503 -2.55030058  0.75597188 -2.85796813]
[-1.95740714 -2.36689813  2.06758373 -1.21999142  2.31831388 -2.71179202]
[ 2.92173783 -0.67015614  1.69691277  2.68865249 -2.79825126 -0.87878541]
[ 2.13352562 -0.9576242   0.51643223 -2.43443438 -0.7850392  -2.44478048]
[-0.52799176 -2.87986907  2.11153257 -0.86167003  1.65206456  1.73608651]
[ 1.44043282 -2.498133    1.03961231  2.24699143  0.01187351  0.7500481 ]
[-2.47436036 -1.98022704  2.37613769 -2.76797616  1.69353463  2.13802976]
[-1.47380108 -2.52801238  1.98051463 -0.92251331  1.29328332  0.51716614]
[ 1.08593321 -2.46540301 -0.20891294  2.01873186  2.59776599 -0.36993669]
[ 0.79738416 -1.64080851 -2.20184483  2.67124263 -0.39442964  0.15516819]
[-1.32239646 -2.58855467 -2.23143745 -1.97057864 -1.03673523 -1.68943252]
[ 0.22217704 -1.35017182 -1.91394422 -1.45222415 -3.06364818 -1.96687957]
[ 2.90900503 -2.15488561 -2.13431262 -1.92426515 -0.24461314  1.36872909]
[-1.96527048 -1.91185289  1.46191737  0.54729549  0.97659657 -0.02107588]
[ 1.14405312 -2.74425708 -0.705208   -2.16529619 -2.83185616 -0.05257608]
[-3.0933751  -0.84163866 -2.41292024 -2.9127794   0.87704693 -1.02707055]
[ 0.39943128 -0.39191715 -1.13692718  1.14211856 -1.65564943 -1.57263789]
[ 2.77452087 -0.41633804 -0.97024451  0.98887337 -0.278377   -2.18329932]
[-0.23802839 -1.94630643 -0.25905005  2.36801513 -0.76733089  2.83846924]
[ 0.54082459 -2.32647729 -1.9857754  -1.05070672 -2.78362117  1.84178939]
[-1.3982979  -0.82117577  2.75654448 -0.15192946 -0.90848872 -3.09013426]
[ 1.74681217 -0.20659099 -1.74981918  0.24504584 -1.16279304 -2.17214196]
[-1.24605531 -1.93832575 -0.47146228  2.04840613  2.84086456 -1.62941657]
[ 2.29021715 -0.94620244  0.18889409  3.09161777 -1.86142659  2.84814907]
[ 1.24628923 -0.6410031  -1.52161567  2.44123033  2.70807425  1.22382748]
[ 1.0384457  -2.53310507  2.25063519 -1.06447458  1.25794948 -1.34020453]
[-2.42700546 -0.18394755 -0.0577842   1.63381895  2.92011891  0.84277051]
[-2.99766786 -2.42253633  0.91172796 -0.31374225 -2.66680789  1.51976318]
[ 2.65556434 -1.14501275  2.51548918 -2.05332977  1.69685873  1.55781477]
[ 1.40905301 -0.7012244  -1.04184955 -0.21279911  1.85120825 -0.60908894]
[ 0.04158951 -1.91845841  0.98925472  1.63323321  0.43573913  1.09881025]
[ 0.48525158 -0.74377856  2.76611063  3.01434417  3.05680875 -0.65078295]
[-0.58943591 -1.62120628 -2.10799901 -2.41259909  2.83319241  2.86107593]
[-0.63725912 -1.20519092 -2.31211606  1.31096213  3.04551687 -1.45428202]
[ 0.38960749 -1.20599328 -1.33085425 -2.29017961 -2.23785566  2.26919122]
[-1.76702992 -2.90211431 -2.07738207  2.73237002 -0.29604126  0.11391862]
[-0.41566628 -1.27117012  1.07323516  2.55253266  0.84115967 -0.4985689 ]
[-0.834436   -2.27884102  2.63516915  0.5137443   0.05651175  1.90825598]
[-1.734073   -1.25140416  2.35667751 -2.27335603  0.41608698 -1.8864535 ]
[-1.04672438 -0.77792166 -2.67598104  1.26745777  0.10596511 -1.06420867]
[-1.69942323 -1.13941637 -1.81741277 -2.48510841  3.07098433 -1.37213397]
[ 1.24796411 -2.13255486  0.69432711  1.75664334 -2.9850932  -1.5268774 ]
[ 3.09724782 -0.70315641 -0.48126177  0.02224887  2.68853469 -0.79381305]
[ 2.57513169 -0.30083087  0.50840969 -3.01318757 -0.75408614  0.86289652]
[ 0.42834826 -0.97835078 -0.8906609   2.84179128 -0.5456621  -0.07486835]
[ 1.81574403 -0.58855932 -3.02893009  1.4969168   2.15715511 -2.86576981]
[-2.81505237 -2.09950001  0.3032641  -1.64631452  1.52656638 -0.20150686]
[-2.35878653 -2.14679765 -0.44623341 -1.37092547 -2.6107619   0.71936343]
[-0.24347169 -1.23561602  0.62180901  0.60990769  0.30811987 -2.3508555 ]
[ 1.3769969  -1.23924639 -2.66865327  2.052602   -1.00239798  2.65634757]
[ 2.38345196 -2.3517305   2.17029578 -2.66348945  2.91661063  2.84175396]
[ 1.0719147  -1.74520575 -2.06160476 -0.92702656 -1.39300503  0.98951622]
[-2.69647622 -0.7126633   1.01690889  0.39592232  1.31609345 -2.65028914]
[ 0.8299451  -1.01021797  2.86908892 -2.45876963 -1.35432831 -2.30442712]
[-1.26698915 -0.6732589  -1.23917211  0.21963799  0.57826626  2.11928663]
[-1.67584435 -1.20055302  0.7531143  -0.34681617  1.5367916  -0.82669656]
[ 3.1226137  -0.35777539  1.03184109 -1.52755969 -0.41239682  2.33193175]
[ 0.05342666 -0.13256475  0.1909953   2.85613556  2.9803416   2.53462346]
[-0.18219203 -1.65460535  0.69619591 -1.35952729 -1.14854838 -0.21894263]
[ 2.95151225 -2.37704931  2.88663151  1.61633002  0.70290611  0.0889554 ]
[-1.73121352 -1.34229653  2.94871306 -1.00079813 -1.18282393 -1.2498404 ]
[-0.13777169 -2.76297602 -1.09087423 -0.04302632  1.07022028 -2.14759934]
[ 0.11934597 -1.72781487 -0.16144772 -1.75825752  0.5447344  -0.04523936]
[ 2.19789601 -0.1096951   2.21450935 -2.6567062   0.98302795  2.40579555]
[-1.06512077 -1.72429386 -0.27376718 -2.83579775 -0.02552312 -2.22310878]
[-0.93670249 -0.44299767  0.2316306   0.73936945 -2.5803328   2.95731452]
[ 0.34243178 -2.43771938 -2.13119898 -0.83969114 -1.31135333 -2.44655206]
[ 1.0563593  -0.06708341 -0.96842644 -1.81292212 -2.05434572  0.58902496]
[-0.33582043 -1.37365775  0.53393795  1.94174711  3.01354047  2.5312221 ]
[ 2.90201441 -0.75886045 -2.62568754 -2.02162884  2.88606334 -0.26139072]
[-2.14630113 -1.50866151  0.244557    0.93026351  2.90423586  1.03131087]
[ 0.80884755 -2.9452651   1.29904107  0.75621231 -0.60107868  1.68063752]
[ 0.46513521 -2.90590644 -0.72040971 -1.38898849 -2.63066455 -1.17120907]
[ 1.3449242  -0.21589632 -0.80101747 -2.96043829 -2.07353713 -0.0371607 ]
[ 1.11897488 -1.2477574   1.84912796 -2.18222271 -0.07068329 -2.54875563]
[-2.41543428 -0.96087244 -3.00194829  0.41766836  2.35332312  1.63055672]
[-3.00434333 -0.4154939   0.33235754  0.15545231  2.84038712  0.18568003]
[ 0.43133974 -0.53389687 -0.78839851 -2.34638289  1.83186782 -2.75827014]
[ 0.30463854 -2.61066663  1.92276659  1.32993764 -0.7468835   2.09322561]
[ 2.33052712 -1.08338816 -0.95818197  1.00041279 -2.42133354 -2.79363817]
[-1.64594587 -0.89041759  0.42356212  1.36016386 -1.08021716  1.78160693]
[-2.99236058 -2.71402507 -3.08503325 -0.85252634 -2.56542517 -1.52443457]
[ 1.45965907 -2.73579843  0.15974558 -0.26195567  1.77302854  2.74585191]
[ 1.86841823 -1.35659601 -0.35709021 -3.13891859  2.24511912  2.17801932]
[ 3.04031808 -3.13724578 -1.25587395  1.58405998  1.28002098  0.28743301]
[-0.5954386  -2.94161249 -0.52007404 -2.8203628   1.42759228  2.40603646]
[ 1.05547477 -2.73629881  0.88360538 -2.36400344 -2.31697039 -2.87637177]
[-2.51601833 -0.15731866  1.69117086  0.70012545  1.94291574  0.92857924]
[ 1.6154114  -2.83685071 -2.8286104  -1.9987619   1.7445853  -2.89736618]
[-0.65980469 -1.94455343 -0.97476518 -1.40525396  1.10896494 -0.92361372]
[ 2.09385535 -0.61965172  0.70197109  0.919041   -2.79852132 -2.18836183]
[ 1.47422099 -2.91605328 -0.849657    2.61535014 -0.11141755 -2.48484881]
[ 0.40687947 -0.244024    1.13033498  1.13704972  0.06675185  2.33245127]
[ 0.35501029 -0.6232036  -2.47176044  0.28556461  1.56142553 -0.08596033]
[ 2.6966574  -2.576842   -2.46433417  2.15852495  0.56775776  0.12755737]
[-0.03246873 -0.3483145   1.930928    0.13323762 -2.66355838  2.64270961]
[ 0.09834526 -1.49039286  0.92859786 -0.07522527  2.09828142  0.03612883]
[ 1.79271869 -2.04047992  3.07297144  0.95904874 -2.12052117  2.79131888]
[ 1.41793856 -1.07182836 -1.86018905 -2.05317808  2.69153533  2.32792757]
[-1.52912454 -2.18695738  1.28224681  0.20615573 -0.93881256  0.34640795]
[ 0.9344346  -0.35259813 -2.34625667 -1.25536481 -1.6842188   1.02198964]
[-0.31061742 -1.14394728  2.84590558  2.53777547 -0.08204787  2.74298416]
[-1.59177381 -2.42150585  1.14662306 -1.51505347 -1.39320752 -1.87950544]
[ 2.32304297 -1.49799993 -0.35737374  3.01616645 -2.47986677  1.72220258]
[ 1.74437401 -1.00060379  2.67362243  1.7706444   0.6124537   0.23318896]
[ 1.83583015 -1.44104568 -1.96941557  2.40315848  0.0276319   3.10412817]
[-1.92897087 -1.45754428  0.27464885 -1.54837517 -2.45241492  2.61916432]
[ 2.91117405 -1.51219859  2.77680121 -2.91986029 -0.34145676  0.16290977]
[-1.23939097 -1.57210262 -1.7944839   2.08406794 -0.91357251  0.34991449]
[ 0.31673635 -2.89536116 -2.46600244 -1.8278416   0.7785916   1.49153813]
[-2.56436985 -1.7549951  -1.16153315  2.13458217 -1.41257042  0.15567417]
[-0.79067278 -1.05331175  2.77664463 -3.13856441 -1.29543961 -2.24446111]
[ 0.02325696 -1.75528937 -0.32516019  1.71133368 -2.45746517 -0.3259976 ]
[-1.60543008 -0.6731267  -2.31012859  1.55822208 -0.58786273 -1.75062944]
[-2.1850466  -1.26156978  1.99817234  0.42830756  0.96388097 -1.81473732]
[ 0.90323524 -2.32950465 -1.85735949  0.76470051  3.04250844 -0.96967527]
[-2.38657035 -2.05650994 -1.76273374 -3.12278129  0.20789846 -1.71145823]
[ 2.21208239 -2.66380646 -2.84795149  0.35076991 -1.0840088  -0.89871045]
[ 0.69876559 -0.36171398 -2.66448624 -0.28692558  0.96764681 -1.54202036]
[-3.09340464 -0.89816812 -1.81035064  0.28362684  2.52710457 -1.37491391]
[-1.61998256 -3.0905084  -1.43677875  0.9378507   2.55300911 -2.57492036]
[ 0.07848036 -0.94395133  0.26772239 -2.9439938   1.34822422  1.847643  ]
[ 1.2836542  -0.98252557 -0.70780236 -0.03749728  2.79725661  1.65919787]
[-1.31846106 -2.498373   -2.16231062  2.61300485  1.88924464 -0.22434269]
[ 1.86656772 -0.00705884  2.5629087  -1.95692529 -3.11038948 -1.86644574]
[-0.2962317  -0.10943243 -1.18302131  1.6515864   0.19981721  1.49791164]
[-2.75280674 -0.8513022   0.16666894  1.33540178 -0.69554489  0.63920423]
[ 2.45248077 -0.12001235 -1.75144473  2.18996976 -2.84159199  0.49895954]
[ 1.93183139 -1.55956802 -1.29034788  2.15843425 -0.97340385 -2.90100771]
[-0.18648235 -2.00363872  0.17572724  0.47463676 -2.32416322 -1.57464458]
[ 0.77909905 -0.73145681 -0.7273958  -1.29173969 -1.6959858  -1.51623409]
[ 1.97303914 -1.74116132  2.48033369 -0.08046635  2.08480258  0.65463557]
[ 0.88462788 -0.82210135 -1.32775557 -2.16101668 -0.13415944  2.63415639]
[-1.76264143 -1.75142308  0.3520404  -0.67179496  1.38929781  2.68099088]
[-0.5690266  -2.12917909  2.86650944 -2.73213012  0.7405185  -0.8637095 ]
[-2.94261675 -2.51250354  0.26308214 -1.93599521  0.82853625  2.00205447]
[ 1.16858059 -2.81346148 -1.21724082  2.81192953  0.07729283 -2.92349752]
[-2.53379298 -1.8639896  -0.61566432  2.44276584  0.05020595  2.6222667 ]
[ 1.30624014 -0.84642566 -1.02105477 -3.06158362  1.86975924  1.09684561]
[-1.6662599  -0.20179795 -0.07848552 -1.31145705 -0.24670217  2.92032352]
[-1.9326823  -0.61765119  2.9597035  -0.69183352 -0.67305075 -1.02943546]
[-2.22469338 -2.48714633 -0.3136303   0.35044665 -2.12980052 -0.32727554]
[ 2.15916976 -2.45175557 -0.92135044  2.96842359 -1.19606449 -2.64558861]
[-0.32990648 -3.00887634  0.82828919  0.27857037  2.82060524  2.58500771]
[ 0.02040824 -2.71629103 -0.81782396  1.80278602 -2.34376949  1.30479077]
[-2.36908381 -2.55456405  1.64474115  1.1446274  -0.36034604 -1.89578585]
[ 2.6334437  -2.64313872  2.71464782 -2.36055842 -0.80935453  3.11985676]
[ 2.33295207 -0.09941982 -0.38014642 -0.81558865 -0.86844764  1.40278992]
[ 0.44472583 -0.67293108  0.11346074  2.44179874  2.93590614 -2.97261272]
[ 1.6538152  -2.45666582  0.08984589  2.38347839 -1.91641725 -2.0760847 ]
[ 0.16731562 -2.34674671 -2.28954653  0.80485286 -1.93821635  2.51695867]
[-0.54981393 -1.5047695  -0.33361779  0.55420504 -2.31861494 -0.82617081]
[ 0.63347909 -0.26998716 -2.04503472 -1.36547386  2.31898198  3.02810087]
[-0.6786011  -2.02665574  1.70479994  1.59849493  0.40817673  0.40404588]
[ 0.13412725 -1.5994773   0.93480108  1.65206045 -0.56994258 -1.03138064]
[-2.59573791 -1.53847783  2.83328692  1.58500342 -2.38846327  2.99256213]
[-2.78948795 -2.12289956 -2.387581    0.16466794 -0.44454774  2.6749384 ]
[-2.04829635 -1.31733434  2.81877834  2.3367154   2.36854707  1.22483096]
[ 1.18682149 -0.82318567  2.44554291 -1.28986805 -0.37018509 -1.34472101]
[ 1.7901354  -2.56252006 -2.75400378  0.2863899  -0.77229853  1.00134069]
[ 2.9585428  -1.9448225  -1.78118309 -2.06599542  0.83428007 -2.89341079]
[ 0.17359929 -2.56930027 -3.08720104  0.86961414 -2.42786443  2.3475523 ]
[ 1.33668002 -0.69437542 -1.52631648  0.31770932 -1.17968994  0.17722199]
[-2.239833   -1.69687336 -1.08345799 -2.24101996 -1.64884217  0.52981663]
[-2.72552948 -0.72292468  0.80235624 -1.90523695 -2.52160183 -0.53388128]
[ 0.86111113 -1.19403395  2.81333253 -1.65313509  0.69424152 -1.23482578]
[-2.68708249 -2.43613631  0.58568008  0.98313216 -1.25883145 -1.50974563]
[ 0.13112982 -1.78500222 -0.31547241 -1.63870982 -1.16476845 -1.16125245]
[ 1.52670352 -2.07559955  1.85194078 -2.89587182  0.80802926 -2.66997382]
[-1.91203763 -0.02759599  1.6975984  -1.62401343  3.07140004  0.55274534]
[-1.21991476 -1.75001212 -2.32709727  0.15125533 -2.72265649  2.04618609]
[ 0.73363487 -1.57463768 -2.24719512 -1.55168168 -2.35873031 -3.1038209 ]
[ 2.61297469 -0.68437466  2.74241567 -2.4511261   2.93010907  1.64281058]
[-2.65019887 -0.67547893  2.94151808  0.69359247 -2.25713261 -1.81375557]
[-0.25086906 -0.24085032  2.31014745 -1.41359461 -1.29422854 -2.66184207]
[ 2.28639404 -1.22833478 -1.30923918  0.68788931  1.91975651 -0.66254787]
[ 2.28133005 -3.05922783 -2.68472611  0.05664666 -1.07675117 -2.49599528]
[-2.77478362 -0.83437821  3.03997535 -1.59574493  2.93014431  3.03051904]
[ 0.9662453  -1.70611518  2.81198938  1.31599623  1.35133202 -2.18189011]
[-1.75815977 -0.53352923  2.78602796 -3.06507925  2.92576073 -0.16822721]
[-0.67242801 -0.91926161  3.02734308 -1.63309738  1.72985718 -0.96870743]
[-1.33134071 -2.7158578   1.95933667  1.99057092  0.57563874  0.35613661]
[-0.8936597  -0.84245628 -0.10825647 -1.32921288  2.16182436  2.13033986]
[ 0.61743504 -2.50436545 -2.49359727 -1.25896025 -1.0425182   1.2015081 ]
[-0.81194027 -2.82748763 -2.84400622 -2.07637308 -2.59185181 -0.16624295]
[-0.43407546 -1.03874367  2.50966697 -0.80964849 -2.5534034   2.0040241 ]
[-1.67374598 -0.88889586 -2.78455112 -1.87203304 -1.43991342  2.03308387]
[-2.42345355 -0.96840954 -2.64665937 -2.14132742  2.42211476 -1.7246629 ]
[-1.60616339 -1.0484708  -0.65600662  0.18988377  2.2215751  -2.18872792]
[-2.14721529 -2.75916242 -1.79499994  0.3351741   0.50325346 -1.52498272]
[ 1.04051891 -0.87417287 -2.59528385  2.39273247 -0.98113083 -1.0892027 ]
[-3.00930423 -0.37280359 -1.10066121 -2.47291447  0.37039564 -2.79824073]
[-2.35482296 -1.37260005  0.44115309  1.32026036  0.22190173  2.11200554]
[ 0.09687176 -0.27992918  0.66993617  1.26423224  1.42111431 -1.18279842]
[-0.66672686 -0.42434731 -1.7144265   2.83791378 -0.2959224   0.71603028]
[-2.35056185 -1.82702892 -2.79106701  2.00702395  0.65882591 -1.33445992]
[ 2.391892   -0.85127231 -1.29172884  1.71645769 -2.12971415 -2.20978008]
[ 0.09701108 -2.1757035   1.55051784 -0.6374283  -2.36341183 -3.04454116]
[-1.86094187 -2.7241494   2.77174626  2.15902125 -2.51388932  2.90920338]
[ 0.06787845 -3.11489294 -0.85793199  0.63697953  1.32531684  2.96219802]
[-1.92281824 -2.26243959 -2.26801925  0.98843306  0.28386933 -1.38037106]
[-2.0228569  -2.48515009  0.77006164  0.60207868  2.98924898  0.54170768]
[-1.63309729 -1.17215256  1.1106607   1.16964472  1.01633355  0.55207034]
[ 1.08525113 -0.0677427  -0.72194801  1.7025415   0.49870198 -0.84141234]
[ 1.85306914 -1.85648018 -0.08758716 -2.6085463   0.20321844 -1.98457413]
[ 2.45214597 -1.35514609  2.86226695  1.52783662  0.77308078 -1.39187983]
[ 0.20531827 -2.49483078  2.2031672   0.92472386  2.62789357 -2.17148407]
[ 1.65467559 -0.71566866 -0.13586833 -0.68465381  1.18673395  3.0073411 ]
[-3.09549356 -1.18019752  0.98632984  0.53088748 -0.0298826   3.13541266]
[ 0.46853995 -3.02047461 -3.13994008  0.82444637 -0.79997182 -2.89809741]
[-2.68331672 -2.9932879  -2.61040104  1.43542443  2.92124784  2.31929315]
[-1.6210487  -0.05303637  1.35203691 -1.35804582  3.01922222  2.94755465]
[ 0.18564202 -2.37635027  1.07038494 -1.52439935 -1.56832044 -0.61288468]
[-1.6572731  -0.58604018 -0.10871513 -0.7748029  -2.98301828 -1.54545062]
[-1.70773046 -0.41863502  2.15722771  2.20452589 -2.44154637  0.49090554]
[-0.640135   -1.06639482  0.65185818  0.41190133  2.72834905  2.42359198]
[ 0.99122207 -0.09345969 -1.68080937  0.24070693 -0.3999017  -2.10863864]
[-1.81083869 -2.36702861 -0.8330804  -0.87416373 -0.57808005  2.63572893]
[ 3.11808679 -1.04035825  0.29537486  0.46163312 -2.03977113 -3.11777537]
[-0.73319365 -0.48461538  3.13283374 -2.70512986 -1.97729888  1.40636051]
[ 1.280417   -2.25407824  2.32582475 -2.51266167  0.97313175  0.06448946]
[ 0.79627483 -0.1070608  -0.43509376 -2.19332945 -2.99959033 -1.38697936]
[ 1.24541724 -1.00527587 -0.25681424 -2.52489723 -1.93462848  1.3453688 ]
[ 2.28841895 -2.01474337 -0.7631856   1.29764825 -1.9484138   0.69654257]
[ 1.23910013 -0.03317287 -2.31464117 -0.05111657  1.91599712 -3.13169415]
[-1.79019774 -1.07151251 -1.18908419  1.67977715  0.0552997  -1.91088004]
[-0.34896333 -0.96142244  0.93280416  2.91049032 -1.03496478  2.43909846]
[-1.31187564 -0.02256313 -1.51695762  0.04371927  1.29627315 -2.68151093]
[-0.21177419 -2.91865159  2.297051   -0.83884827  0.50378251  1.37851426]
[-1.36515805 -1.34791786 -2.17715756 -1.97347898  0.8184796   0.04425412]
[-2.436892   -0.95383297  2.40331356  0.29701158 -1.71195061  1.74576148]
[ 1.96659176 -2.5209996   1.43996866  1.93589179 -0.90709127 -0.33043595]
[-0.6886376  -1.53661629 -1.96978712  0.13775495  0.08766041 -1.23666647]
[-0.87511024 -0.79458592  2.46109126  1.80872704  2.54438197  2.75438615]
[-0.92641849 -1.89465501 -1.57068891 -0.25932187  1.03821313  0.68187505]
[ 0.07841408 -2.72550106 -1.09678348 -2.91305543 -2.69362523  0.50946656]
[-2.30513843 -2.0271395   2.14141093  2.47461389 -1.36854434  0.78268514]
[-1.98334531 -2.6328693   0.73750185  1.49283594 -2.19429101 -2.44356091]
[-2.26159396 -1.8618197   2.67801668  1.41834627  0.80648833 -0.1047661 ]
[ 1.01215983 -2.64933179 -1.79618735  0.09556098  0.02717648  0.03233638]
[ 0.59071017 -0.93417002  0.67195109 -1.66480271  0.70939719 -1.57292935]
[ 2.12049789 -1.64352915 -2.92258211  1.82937439  2.16616899  0.94429212]
[ 0.0532257  -1.25563403 -1.4157632   0.21788334  1.77509297 -1.31917416]
[ 2.94952837 -2.75454363 -2.33478248  0.95290035 -0.53774242  0.10081818]
[ 2.9674269  -2.23430634 -1.77780424  3.05706998  1.1360853  -0.63222966]
[ 2.5401901  -0.49374708  1.90867431 -1.3016984  -0.53606104  2.82394816]
[ 1.36879406 -2.10122042  0.26544509 -0.16806317  0.44852859  2.43430883]
[-1.91661362 -0.84533459  0.91992163 -0.14149171  0.87486952  0.45689635]
[ 0.18503548 -0.51961153  0.00965647 -0.55725941 -0.03419174  1.7756344 ]
[-2.5191724  -1.71882322  3.04018624  2.85390592 -1.38068493 -1.13128257]
[-1.42662098 -2.55397391 -1.4951423   1.53796059  0.09951728 -0.42118991]
[-0.2269388  -2.44229696 -0.8293693   2.95979694  1.34494519 -1.35924086]
[ 1.68378746 -0.50561108  2.23934855 -2.27317146 -1.45726694 -0.68732039]
[-2.85215425 -1.93917435 -2.80641383 -0.78326925  1.46484956  1.35693693]
[-1.77809248 -2.32881205  1.92992469 -1.59550026  0.8010012   1.1544433 ]
[ 3.1192812  -1.04119236 -0.19446649 -1.6211804  -2.78870809  1.00783267]
[-0.06453198 -1.06896276 -1.17651898  3.10045073  1.66195634 -1.13513297]
[ 1.83146155 -1.61881077 -2.51403946 -1.89502678  2.49979298 -2.53964885]
[ 2.26578379 -2.66243424  2.33552741  0.91077674  2.02649376 -0.87037477]
[ 0.81493041 -2.97026104 -1.03007674  0.30597625 -1.72355348  1.67888227]
[ 2.72093504 -0.91972812 -1.89480194 -1.54471749  1.38384731 -2.0074977 ]
[ 2.01600867 -0.62079004  1.32732645 -2.55903133 -1.06800192 -0.02784274]
[ 2.92014114 -1.33861277  0.32008555 -3.09977242  0.55396447  0.9329982 ]
[ 0.64861922 -3.13323275  1.13478914  0.59905343 -1.66501585  2.48665846]
[ 2.28701156 -0.35165657 -1.51465902 -0.62252798 -2.03217935 -2.39696631]
[-2.54466707 -0.60156609 -2.88092052 -0.06210151  0.36578278  2.05535669]
[-2.18119936 -0.87759254  0.36358174  2.24330367  3.0840859  -2.45380221]
[-1.91390356 -2.42481109  2.49354025 -1.4442254  -1.41223269 -0.28362179]
[-3.12884233 -2.98178875  1.30764098 -2.73166819 -0.87259643 -2.73230922]
[ 2.08451544 -1.80874476 -2.36705724  0.46978313 -1.83120768 -2.91719618]
[ 1.36244324 -2.36837549  1.751291    2.13211979 -1.00729755 -1.30548633]
[ 0.2428988  -0.46724167 -0.40569017 -2.4019381   0.91185093  2.25775529]
[-0.9031582  -0.10076095 -1.35226741  1.65751925 -1.59567131 -0.51427641]
[ 1.78895458 -2.20479793 -1.3221579   1.42317492  0.35410826  0.86712368]
[-0.56667825 -1.80377523 -1.75691312 -0.76656921 -1.4149693  -1.04990898]
[ 1.09060068 -0.1712688  -2.14847461 -2.72767228 -1.03822392  3.13034733]
[-2.81250371 -2.41288399 -2.61480952  0.71112052  1.27336859  2.79276895]
[ 1.57800279 -0.11864329 -1.30920294  1.54098566 -0.73736085  2.67620706]
[ 2.87028616 -1.55516339 -2.38413336 -1.85796817 -0.60683524 -0.36762938]
[-0.27410238 -2.08699438 -1.25285811  2.93961843  2.0255944  -1.58675993]
[ 0.33604622 -1.88235935 -0.44044225 -1.5030805   1.10786208 -0.16616079]
[-1.07024901 -0.79406831 -0.60932671 -0.05624971  0.42900668  0.10919568]
[-2.05198931 -2.61793446  2.3959194  -2.18347989  1.49115422  0.86282468]
[-0.80135434 -0.9222078   1.47804829  2.16511672 -1.84037959 -0.11605888]
[ 1.35681679 -0.72853193  2.5287193   1.98843544 -1.39156988  2.30243565]
[-0.14626265 -2.39022678  1.96754737 -1.44179924 -0.78437314 -0.87774703]
[ 0.19862756 -3.00027237  1.43011521  0.27806361 -0.80568326  3.02767576]
[ 0.74127548 -2.58936911 -2.63976766 -1.49667472  0.94746004  2.85346072]
[ 1.96760531 -3.13202692 -1.97344039 -1.83624625 -0.94111679  1.3245048 ]
[-1.39193028 -0.08265374  2.35786717 -0.33119053  0.01594815 -0.5658368 ]
[-1.44828364 -0.95684394  0.43008063 -0.09633818 -0.70230909 -1.39191185]
[ 3.12509099 -0.68454446 -1.20496628  0.02789333 -2.8182635  -0.40850922]
[ 0.83264091 -1.58622685  2.34274566 -0.91961081 -1.96287247  1.88261275]
[ 1.12384671 -1.5133857   2.58594962 -2.62391001  1.63372887 -0.34041773]
[-0.41781395 -0.50052202  2.48033976  0.53512133  0.60678057 -1.40203087]
[ 2.45915103 -0.07493619  3.06282363 -2.57067339 -0.46655797  2.03804518]
[-0.23328385 -2.64343086  0.94287007 -1.56214606 -1.11315076  0.50727774]
[-1.14343418 -0.83355104 -0.40670191  1.46348782 -2.622187    1.48246089]
[-2.97477337 -3.00281121 -2.03164349  2.48228533 -0.70511342  0.47395497]
[ 2.60473492 -0.35226322  0.01240735  0.09896752 -1.80678046  0.94464174]
[ 1.97394921 -2.83253751  1.02292616  0.8002696  -2.86121953  0.23633679]
[-2.67459125 -0.39847824  1.54105169  1.17083499 -3.00070376  2.63437292]
[ 1.3932735  -2.84846771 -2.19480547  2.07363467 -0.47857744  1.13534009]
[-0.49274445 -2.41011468 -1.59576678  2.26347345  0.96838882 -2.3647589 ]
[ 2.9886514  -1.88291778  1.1160881   2.95208216  1.78369926 -0.81879733]
[-0.60021361 -2.71342375 -2.46273183 -0.00934908 -2.44650942 -1.75600213]
[-0.01301424 -1.97354946  2.12115356  1.10433384 -1.74758035  1.62265344]
[ 3.04571007 -2.18592718 -1.8489757   2.30943882 -0.8506849  -1.920948  ]
[ 2.94626218 -1.4221168   3.06522976  0.6782135  -0.51693489  2.00327153]
[-1.11714716 -2.83096343 -3.03127656  0.7657045  -0.17405549  3.05897876]
[-2.49058947 -1.95229976  0.3375287   1.32777695  2.28458355  0.9798387 ]
[-2.62746991 -0.70861042  1.07019804  0.34257518  1.81987733 -1.31199544]
[ 0.5183066  -0.32937881  1.17305097 -1.90918659  2.20702487 -2.39045192]
[ 1.3411292  -2.78098654  0.63609006  1.80672717  2.46278013  0.44204573]
[-0.61068076 -2.19757987 -2.15447927  0.78569968  1.74917803  1.78547055]
[-1.27337563 -2.8004069  -1.58635389 -2.37502413 -1.75980612  2.6498575 ]
[-3.00226935 -0.97785611 -2.29799624 -0.7121467   2.53146188 -2.80075165]
[-2.56466245 -1.68911545  1.24637165  2.76878882 -2.45537112 -2.40401167]
[ 1.08890594 -0.47584053 -1.59369669 -0.83342398 -1.33553741 -1.52122064]
[ 0.69331651 -2.50478738  0.71865218  0.3940699   0.70986009  2.98020111]
[ 2.59800731 -1.18803382  1.32221194 -1.32113724  0.47536694 -1.17470813]
[ 2.03178299 -1.76063878  1.07442042  0.40922798 -2.68317503  1.9377831 ]
[ 3.10351338 -1.71554438  0.71810968 -2.0338861   3.03041874  2.62843827]
[ 2.97798471 -1.04922154  1.21030329 -2.64831276 -0.0862713  -1.46255247]
[ 2.55185882 -2.93581726 -3.08608825  2.81402008 -1.03082687  0.35592674]
[ 2.41649207 -1.61176551  1.73146812 -1.39825638  0.95866867  0.19495514]
[-0.71549691 -2.05013708 -2.18201173 -2.57208141  1.32230582  2.25998316]
[ 2.52341543 -1.09908275 -1.82960248  0.29403353  0.95284858 -1.2130001 ]
[ 2.12204463 -1.67260591  2.94713998 -2.53889103 -0.73373153 -1.85654157]
[ 0.95389759 -2.13285361 -1.87411553  2.35802768  0.90499838  0.76278809]
[ 0.4897571  -1.24911357 -0.24697532  3.03947416 -2.51409978 -3.06940936]
[ 0.19395589 -0.320702    0.08949376  2.32651487 -1.89464493 -0.44118782]
[-1.06217069 -0.18092919 -1.89487511 -2.5951401  -2.48701712 -1.00154573]
[-0.38824858 -0.54244673 -2.32175912  0.9942288  -2.37876675  2.92494662]
[ 0.50620866 -1.26292779 -0.33347475  0.80525334 -1.06287445 -1.6275901 ]
[ 1.81724377 -3.13557351  1.94778917 -0.90531435  1.94985107 -0.92531833]
[-2.64673277 -1.70306584 -2.6501806  -0.05043938 -1.19948093  1.68049519]
[ 2.77146598 -0.05433566 -2.79554293  2.6244927  -0.87003753 -1.11799609]
[-0.19784632 -1.03001091  1.03553915 -2.21969998  3.11927529 -1.00990007]
[ 0.91527903 -2.57031652 -2.18886625  1.28105065  0.6750015  -0.97120834]
[ 2.8371825  -2.1089258  -1.50392042 -2.95664494 -1.54477429  0.51151205]
[ 0.99861655 -0.57212114  0.16440015 -0.49930407 -1.96501217 -1.69622949]
[ 1.50213285 -1.13440807  0.50441305 -0.36780095 -1.87649815 -1.21838653]
[ 2.89174644 -0.85529822 -2.36299904  2.05524341 -1.56649274  1.15157166]
[ 1.30862805 -1.77303606 -0.76197373  1.17158197  2.11377667  2.87262909]
[-0.22584788 -2.60221367  0.9171526   2.90251158 -0.21353119  2.92833381]
[ 2.05746193 -0.42137549 -1.6759281   2.67154649  0.16066304 -0.12953745]
[-0.55763469 -1.7138072  -0.19796972  1.73379847  2.8583102   1.13869749]
[-2.6751183  -3.02374596 -0.52032847 -0.58156409 -2.55898839 -2.21151232]
[-1.93373813 -2.88155845  2.74712329  1.10326884  2.1554885  -0.86123895]
[ 2.29749664 -0.8112167   1.88771946  2.42569628  2.44358042 -0.2128563 ]
[ 0.55433531 -2.09383486 -0.09620955  2.70060122  2.72403727  2.03341588]
[-2.38776966 -2.47884124  2.92706426  3.039      -1.58277303 -0.28610993]
[ 2.19682172 -1.86173879 -3.06994166  0.256514    1.30246204  0.67382992]
[-0.88371496 -1.93963978  0.70326804 -1.34771047 -0.71084436  2.53702619]
[ 2.90905304 -2.04423961  0.93203074  0.98190501 -0.42842648  2.52221405]
[ 1.28088555 -2.93552416 -2.31088294 -1.94832194 -0.55649601 -2.07621542]
[ 1.7925306  -3.0848995   0.49211678 -1.24577702 -1.81216427  0.60813703]
[ 2.60390226 -0.56193716 -2.3867943   2.66936688  0.60875255 -2.59257809]
[-1.32916584 -0.17883215 -2.16823334  1.4371753  -2.46540953  1.665278  ]
[-0.53371825 -2.29612316  2.49566954 -2.15751397  1.76902621  1.37216462]
[ 0.85124284 -2.50072304 -2.92170607 -1.71659697  1.90799507 -2.03753809]
[-2.85028267 -3.040617   -0.56031745  2.07717866 -0.04768529  3.04179915]
[-2.82904628 -0.54422036 -1.03732722 -1.10360157  0.16929455  2.24893302]
[-0.29735444 -0.10955509 -0.35584787  0.46722153  2.52954168  1.14718612]
[ 0.48545256 -2.2884851  -0.06338721 -0.90455066  0.44456326  0.34856799]
[ 2.78403934 -1.04237539 -0.5242665  -1.42388728 -1.16898809  0.25474083]
[ 0.37079002 -1.90710546 -1.47832004  0.42773248  0.8017954  -0.94472164]
[-2.32773084 -3.08109915 -3.00430625  0.27091761 -1.5535048   1.55828536]
[ 0.51775213 -2.81572426  0.99832666 -2.63087404  1.18803213  0.59062875]
[-2.51087799 -3.11149294  2.86371169 -2.73553535 -2.16354776 -0.44844548]
[ 3.08943916 -2.74147763 -1.55250951 -0.88256315 -0.02149937 -0.72188357]
[ 1.1877524  -2.37586026  0.69147337  1.56402946 -2.51191385  2.61858508]
[-1.76315076 -0.33972639 -2.92597454  0.9373519  -0.45292095 -2.66204326]
[-1.65368109 -0.52370535 -0.41851242  2.47877492 -1.70359445  1.89417189]
[-1.71433093 -2.8794057   0.57985775 -3.11884553 -0.05542033  2.82877019]
[ 2.26589061 -2.13384142 -1.61493832 -2.26120961  0.07854669 -2.46306451]
[-2.07287053 -1.83042603  2.8387801  -0.66909289 -1.59163345 -2.08655216]
[-2.92991185 -2.13297059  0.77071603 -1.07096511 -1.1243678   2.32739655]
[ 2.91731339 -2.81520111 -1.5776386   0.10372057 -2.16500039  2.67996402]
[ 1.50763441 -1.76263805 -0.45928848  1.479552    2.92169848 -0.545376  ]
[ 0.50176577 -2.37083408 -0.20397986  0.35347201  2.78200355 -0.22048216]
[-0.09618594 -0.67845751  0.86926869  1.95034739 -0.91558017  2.55677244]
[-2.51777307 -0.11223888  3.0094071   1.80833215  1.8742225  -0.02803542]
[ 2.70197374 -2.57296781  1.95709257 -1.91399386  2.1934529  -0.29111846]
[ 2.3450806  -0.39069167  2.40779392  1.68132243 -2.15502293  2.67454882]
[-1.0063958  -0.58751542 -0.95578301 -2.89904277 -1.32794937  0.18883859]
[-0.5457756  -2.29489179  1.70581961 -2.14937327  0.85107288 -3.06486593]
[-2.94842471 -1.82081429  3.1263369  -0.90511403  1.58954045 -1.65242693]
[ 0.07127904 -0.0298716  -1.63550148  0.33082766  1.4296965   3.12169385]
[-3.1277403  -1.74287885 -1.16674808 -1.29868746 -1.31233462 -3.08062158]
[ 2.70051201 -3.00101825  2.08013002 -0.60304082 -2.5049139   2.42160036]
[ 0.78348952 -2.80833869 -2.5961604   1.86005403  1.22000348 -2.12887409]
[-0.2624675  -2.21323984  2.26626907  3.0561625  -1.17105114 -1.48808027]
[ 2.97898889 -0.31910591 -2.83638766 -1.00371118  0.90832776 -2.02764193]
[-2.01794936 -1.7300305   1.57082813 -1.72230854 -2.85507761  2.66880508]
[ 0.60369222 -1.71652211  2.81210397 -0.38056901 -3.1058126   1.68103372]
[-1.41344455 -0.31698049 -0.87001384 -0.2112849  -1.42539318 -2.78267572]
[-1.6473884  -1.95386712  3.04085424 -1.88718856  0.02390775  1.57945226]
[-1.98815695 -1.27597976 -2.3749734  -1.96134307 -0.87491313  2.46699065]
[ 1.33556833 -0.44374153  2.60651861 -2.69772366 -0.28640305 -0.81641522]
[ 0.44330053 -1.3438     -1.89642761 -2.55847294  1.27826459  1.59950853]
[-0.65155247 -2.37144004  2.98498922 -0.83480788  3.03526776  0.4689813 ]
[ 2.65781161 -0.6394723  -2.69390054 -0.44336743  0.81719395 -0.83768885]
[ 0.47245296 -0.22257377 -1.57702049  0.02269068  1.1304076  -2.34226476]
[ 2.1852403  -2.04160175 -0.05994621  2.92244055 -1.28620156  0.93882546]
[-3.12816556 -0.69170419  1.44905597 -1.89830855 -1.55513972 -1.44951122]
[-0.3186236  -0.76845863 -2.05850461 -1.82153769 -2.82896425 -2.39845963]
[-0.60348579 -0.52460302  0.80097519  0.24625204  0.30587908  0.49031204]
[-0.0583721  -2.77017191 -2.08294908 -2.40405683 -2.8481224   2.30356194]
[ 1.87084265 -0.23881136  3.13681108  1.42250828 -1.39597235 -2.72079255]
[ 2.19965164 -0.96709852 -0.0179362   1.69902719  0.21286314  0.91266037]
[ 2.73579828 -2.61896686  1.44429431 -2.46391958  1.57637798 -2.50288862]
[ 2.57443789 -2.20959276 -2.90994365  0.99223055  3.05232299  1.29702034]
[ 2.79346274 -3.0398014   2.51530439 -0.92454888 -0.11885065 -0.66536223]
[ 1.70857554 -1.79784765  2.89510535 -0.54831841  2.08974747  2.94016787]
[ 2.04695207 -0.94995447 -0.93596352  0.97821644 -0.88423196  1.72963566]
[-0.33911618 -0.84606828  0.89285883  2.21039259 -1.91831637  1.80325854]
[-1.77914794 -0.94743843 -1.9968597   1.69932228  1.87909791  0.28328167]
[-2.24831532 -2.47713322  1.33641009  0.39034199 -2.89179311 -1.40011718]
[ 0.62071182 -1.38148705  0.40259262 -1.13277102 -2.23731566  1.19950176]
[-2.0895807  -1.61903396  1.62490555  2.68172876 -2.84457453 -0.35707056]
[ 2.75174354 -1.25835602 -0.37797245  2.45748372 -3.07178805 -0.77894699]
[ 1.48226399 -1.55526155  0.4760386  -1.69114629  1.67044543 -3.13903509]
[ 2.88055324 -1.63772341  1.07622779 -3.10962226 -0.94174345  2.34595865]
[-2.23357422 -0.52571109  0.71036941 -0.57435531 -1.17372045  1.24520995]
[-0.17749055 -0.35999785  2.92536564  1.9821987  -2.15359661 -1.97868059]
[-2.78168014 -1.75476761 -0.31565651  0.85619287 -0.0167756   2.51660011]
[-3.10508805 -0.4780765   3.09822848  1.04678034  0.44200317  1.27940058]
[-1.52038029 -0.40810823 -2.25246974  1.05370079  1.61333675  1.13053167]
[ 2.32142813 -3.13494649 -0.92375412 -0.9395439   2.93645504 -2.53702377]
[-2.37067937 -0.84029449 -2.74056792  2.87818386  0.7179185   3.12181495]
[-2.29836402 -2.54735013 -0.26343649  0.39312946  2.42376141  0.99999358]
[-2.64590513 -2.16874342  2.36618517  3.09133305 -0.51202178  1.23372202]
[-2.34581086 -0.49354871 -1.82815924 -1.47955323  0.38811772  0.52294155]
[-0.56892032 -2.98185728  3.05195034 -0.35316954  3.0497547  -2.31601   ]
[ 2.7230572  -2.54683442 -1.81812643  0.05288567 -0.60659263 -0.23450282]
[ 1.85349191 -1.0826604  -1.06807938 -0.98518031 -0.86273282 -2.94978557]
[-0.24894513 -2.4194706  -0.21311072  3.13328781 -0.05181132  2.8393354 ]
[ 2.26955399 -1.25985305 -2.26602331  0.5631278   0.31327279  1.56894616]
[-1.70467418 -2.98392616  2.02529983 -1.30869711  1.52316436 -1.83158668]
[-0.06827802 -1.03259764  1.48196622  2.21439049 -1.73539066  2.93178151]
[-2.8109726  -0.06643947 -0.68905404  0.58184238  0.21256662  2.08111296]
[ 0.96536906 -2.18707013  1.78578723 -0.69191311 -0.62078732  0.18967158]
[-2.66378215 -2.60458865 -1.39746679 -2.80807108 -0.04459517  0.22832366]
[-0.82107577 -2.43656452  0.6044433   0.39725422  1.43308722  1.93487915]
[-0.79837658 -2.45138954 -1.95084638 -2.90650872  0.37911985  2.4042048 ]
[-2.22086549 -1.19809989 -0.26743618  1.79996262  1.27244796 -2.79264691]
[ 1.0794089  -0.10132107  1.7983559   3.08948885  0.29321493  2.16725368]
[-1.15307177 -0.4212515  -2.20716054  3.03377756 -2.54034445 -1.11201439]
[-0.96948158 -1.5513991   1.89597839  0.11312897 -0.95357621  0.66091942]
[-1.32161555 -2.75423962  1.89723117  0.0654099  -2.24770284 -1.61621757]
[ -4.25691258e-01  -1.97152495e+00   2.79522315e+00   2.30643338e+00  -1.73380112e+00   6.62620389e-04]
[-1.91292546 -2.18818197 -1.53428039  1.00334737  1.12303579 -2.61493825]
[ 0.74269266 -0.86705718 -1.99244892 -0.65729881 -2.59141455  2.91526541]
[-1.61281044 -1.41744765  2.4594797  -0.00568638  3.09512968 -1.21638043]
[-1.33017335 -1.37795703 -1.60383107  1.58575613 -2.75435     2.50869782]
[-0.47169869 -0.37496471  2.699337    1.37680574  1.66615453  2.7109831 ]
[  9.53304690e-01  -4.87034157e-01  -2.90675900e+00   1.98386694e+00  -6.52494128e-01   2.10851730e-03]
[ 2.51275103 -2.86400397  1.68092308  1.20799637  3.00180548  0.20271573]
[-2.99061944 -1.75237627  0.57061024 -1.23828108 -1.95245363 -2.45233742]
[ 2.10653773 -1.20666555  1.50358214 -2.19125751  0.74643462  1.59363407]
[ 1.51881536 -0.30688337  2.52599225  0.75570445 -1.70169511 -0.7455975 ]
[ 2.1796328  -1.18300589  2.21992273 -2.64985028 -0.90410124  2.53485861]
[-2.91799532 -3.08727179 -1.78205299  2.52642013  0.4571132  -2.55271516]
[-2.75063207 -0.86633965  0.14924737 -2.54355391  0.40447226 -2.75276218]
[-3.03094511 -0.76728697  1.02493682  1.63845159  1.32187314  1.85666128]
[ 0.61632563 -3.09927559 -0.4507227  -0.40029942  2.35415168 -2.70430084]
[ 2.17242592 -2.87359031 -1.76609915 -2.80567028  3.01480268 -0.90866793]
[ 2.81133644 -1.8483366  -0.0500542  -1.16914649 -2.44287503  2.35891771]
[ 2.10372778 -1.77909928 -1.36710288  2.10164238 -0.93072252  1.9844674 ]
[ 2.51512681 -2.35727792 -1.96873382  1.35692704  1.46555724  0.72645027]
[ 0.6903834  -2.55740914 -1.29783994  2.12161875  0.91876341  2.80095516]
[-3.10365873 -1.90218845 -0.96664797 -1.67648004 -1.11972265  0.32757116]
[ 2.56170684 -2.60615746  2.84662001  0.05569834  2.23916177 -0.90897363]
[-1.56930636 -2.96165014  0.20931756 -0.84996251 -1.58936784  2.34848856]
[-2.93798838 -0.34928477  3.01062189  0.66172965  3.05453781  0.10690372]
[-0.73935048 -1.20147991  1.29887178 -2.64603699 -0.85478824  1.93557382]
[-0.63677671 -1.17956574  0.4835226   1.1243671  -1.67410777 -2.5529806 ]
[-1.68286828 -2.19591915 -3.11388799 -2.4555971   1.4793142  -0.58412506]
[-0.78870652 -1.39652283 -0.94071082 -1.8830439   0.39812545 -1.67716431]
[ 2.67625157 -1.41805134 -0.98573429  0.51940558 -2.39857888 -1.58853062]
[ 0.86642431 -1.70850417  2.02165881 -1.19110133 -1.3376098  -3.06917967]
[ 2.2465606  -1.04743035 -0.95669332 -2.40453167  2.84108473 -2.65417913]
[ 2.66366774 -1.67440845  0.91380373 -2.30469564 -2.82795645  2.57928307]
[ 0.81779758 -1.73441449 -1.02896464 -2.04456034 -0.41622829 -1.25564142]
[ 1.75739333 -2.02338936  2.46604366 -2.65480172  2.84701959 -0.07170768]
[ 1.65993491 -2.77006832 -0.61033987  1.65430269 -1.21717133 -1.10892497]
[ 1.59078774 -0.7184465   1.85437565  1.57813997 -2.71784206 -1.13223705]
[ 1.72244708 -0.48468837 -2.74083723  1.69849845 -1.83295313 -1.35376044]
[-0.45019005 -1.10655211 -2.98555004  2.49123453 -3.10218472 -0.82998634]
[ 1.5212643  -0.67230724 -1.1276839   1.56683264 -0.98256826 -1.68796655]
[ 2.11422589 -2.12763091 -3.09844804 -1.64832429 -1.85811631 -2.88098474]
[ 2.30391845 -2.1681428   2.56779958 -0.73634848 -3.0173686   3.10172406]
[ 1.5388911  -0.01260751 -1.01852782 -1.64064581 -2.23493066 -3.10971839]
[-0.45362155 -2.77150469  1.89807056  2.99266421  2.58590767  2.38778534]
[ 2.53273269 -2.13089802  0.43873795  2.19426149 -0.94130152  1.15752029]
[-2.03760312 -1.20271045  0.70115121  2.94447013  0.03261577 -0.9609285 ]
[ 2.51383107 -0.58038412 -2.89884903  2.94047731  2.54140776 -2.75595956]
[-1.15645793 -1.76574149 -2.11285017  2.02302387 -0.48302617  1.85702289]
[ 0.16139737 -1.16813637  2.32857751  1.1680722  -2.17020962  0.86157275]
[ 0.46849705 -0.60267451  1.27334857  1.33359747 -2.20306308  1.11933393]
[ 0.05246187 -0.03281619  1.89904701  0.27853756 -2.43528672  1.51073999]
[ 2.02273571 -1.82482041 -0.54317717 -0.02468001 -2.44148352 -2.11558277]
[ 1.14348469 -1.78785543  2.57110457 -0.42447    -0.8519239  -0.13321155]
[-0.08866563 -2.02681093 -1.67959164  1.24469764  1.73661283 -0.96115368]
[-1.52036119 -2.70711263 -0.2499901   2.63380219  1.39750033  1.39122375]
[-0.66976152 -2.60955404 -2.86352917 -1.70420342  0.05856257  1.48558506]
[ 1.59201909 -3.09057963 -1.57146296 -3.09097227  0.24865048 -0.44535384]
[ 1.22835028 -3.0947203   0.24100662  1.30091356  1.16095346 -3.03673933]
[ 2.89594527 -2.69605029 -1.17884273  1.6540266   1.58139039 -1.2664892 ]
[ 0.07527997 -1.34824146  1.08176121 -2.99883279 -0.83059788  2.84730594]
[-1.30783914 -1.79515682  0.60074804 -2.18897294 -1.92373232 -2.89987677]
[ 0.94624151 -1.04632902  1.08905444  2.82173265  3.04427428  0.39622623]
[ 2.56281585 -1.96285382 -1.34796804  1.26361824 -3.03912909 -2.67375042]
[ 0.43332945 -2.75560096 -0.71625257  2.52148699 -1.58257048 -0.79625685]
[-1.54781899 -1.51836842 -0.3718652   2.45218247  0.23355096 -0.35489634]
[ 0.67742569 -2.91147727 -2.06959665 -1.70017781  1.37360061  2.95950406]
[ 1.83962125 -3.06488339 -1.36810206  1.73467292  2.51004239 -2.47262968]
[-2.75201122 -0.79965219 -1.4595214  -0.06207455  1.07357216  0.47124897]
[-2.94309755 -1.08857852  2.79935354  1.42222518 -1.21731944  1.76786927]
[ 2.69910289 -0.31291516 -2.30953863 -1.87204277 -0.54287649  2.87021236]
[-1.61182109 -2.23796283  2.59695303  0.4374953  -2.15389227 -2.96849295]
[ 0.51968334 -2.77824578 -2.43972749 -1.93608317 -0.78310442  1.06513889]
[ 1.88337435 -0.22032026 -2.56511301 -3.09045981 -1.20056355 -2.62667515]
[ 1.61825855 -0.34826374  2.44221168 -1.01200013  1.36653224  2.19589516]
[-1.81835572 -1.72875327  1.85504446  2.51170023  1.49563025 -1.46577185]
[-2.79740225 -2.73198322 -0.1362688  -2.5795254  -1.34889214  1.0812519 ]
[ 1.98676446 -1.01537912 -2.24832033  1.69552242 -1.01734252 -1.93250636]
[-2.89147596 -0.02680822  1.15854444 -0.11187127 -2.97886476 -1.79035895]
[-2.22514215 -1.87144875 -0.08417753  0.62482808 -1.65784496  3.123357  ]
[-2.46126635 -0.75866487  1.5176386   1.55323498 -0.14312533  1.93335696]
[ 0.14898605 -0.86243409 -0.63192105  1.21845343  0.87441472 -0.02752548]
[ 0.14954803 -0.26360253  1.67822319 -1.105274    2.31258562  0.72201304]
[ 2.62519258 -0.48236312  0.05724398 -2.63400095  1.50789168 -0.36101064]
[ 2.77209721 -2.81071551  0.85430046 -1.21330806  1.33396003 -1.1793035 ]
[ 3.05071327 -0.13894336 -0.12878754  0.50944809  2.22984209  2.25075977]
[ 2.45185429 -2.95436654 -2.562951   -2.44433174 -1.99575814  1.60850563]
[-0.21554562 -2.91810207 -2.56525632  2.08160663 -2.87618645  1.86643255]
[-0.96030195 -2.73532624  1.95526046 -0.39245377  1.03106104  0.81038752]
[-0.16075574 -1.82049724 -3.10654147 -0.57369005  2.47381311 -2.15696513]
[-0.54114629 -1.29509738  1.99689978  2.89920071 -0.70122062  1.8210636 ]
[-1.74713348 -2.79915934 -0.58136954  2.64044934 -2.71504145  2.7716846 ]
[-0.32649009 -1.53669948 -1.9559189   3.0792296  -1.141574   -1.7097607 ]
[-1.04020422 -0.15421725  2.3687844  -1.66988597 -2.55128823  1.03262899]
[ 1.82418846 -0.65718497  0.24674944  1.50408862  0.20793893 -2.59444439]
[-2.91042819 -3.01288417  1.95710841  2.56764587  0.22890969 -1.86021812]
[ 2.23330612 -3.06902721  0.82145762 -2.83366259  0.86795953  1.12854436]
[ 1.68659708 -0.75170435  1.38026761  0.69200679 -1.76855212  0.92526203]
[-2.44650703 -2.29702617  0.91219621  1.00159307 -2.72279113  1.66539913]
[-2.89821137 -0.07590671 -0.33806304  0.44800639  1.75535846 -2.46302862]
[-2.89254709 -0.83218281  1.38236746 -2.71078915 -3.07453685 -2.90467227]
[ 1.25929599 -0.78197245 -2.97258923  1.27781184 -2.74187022  0.90570377]
[-1.82906266 -2.19305407  2.00676437  0.59904729 -2.09403095  0.48773253]
[-2.31273743 -3.10608988 -1.31971552  0.34437162  0.86658685  2.51688454]
[-0.47443287 -1.10555787 -0.48372269  2.68532996  1.43517293  0.98148319]
[ 0.97546282 -2.58247551  2.37706737 -0.31947411  2.10835481  1.30474024]
[-2.18573058 -3.01315874  2.32848115  2.4627366  -1.01123392  2.69629001]
[-2.93023135 -0.23951713  0.38356398  2.35427177 -1.9676177  -1.26155202]
[-2.22493681 -1.85713    -0.18052753  0.63666061 -0.05187502  2.66773056]
[-1.15509536 -3.04493453 -0.21129962 -2.91097053  0.21574031  0.83022842]
[ 0.11584725 -1.61663552 -2.22532615 -2.19546531  0.52375121  1.54813537]
[-0.52440765 -0.65861972 -2.77367733 -0.03603839 -0.43064991 -1.48223709]
[ 1.78328402 -0.24592138  0.04843325  1.83333325 -2.12048691 -2.49765325]
[ 0.94941128 -0.62200376 -1.12091501  1.92986181  1.65620112 -1.8367716 ]
[ 0.07636468 -2.08634225  2.67433062  1.92321096 -2.34614304  3.12640688]
[-1.70377194 -0.34286127 -2.63486168  2.17255736 -2.27778731 -1.93454026]
[-0.08528306 -1.98536937 -1.42160109  2.54882992 -0.63186153 -1.98949439]
[ 1.26684095 -2.08482602 -2.09031406 -0.16673923 -1.13404529  0.4337329 ]
[-1.6960483  -2.51978887 -1.80972271 -0.86022776  2.93710149 -1.74522264]
[-0.81744433 -1.92984613 -2.52812823 -2.30412457  1.09804708  2.42983067]
[ 2.99410866 -1.14659828 -1.94229802  0.65158291  2.27188588 -0.79913019]
[ 2.07324336 -2.73888324 -0.35251753  0.5403955  -1.56846697 -1.51590627]
[ 0.01700109 -0.64242461 -2.90053353  1.41416634 -2.99691332 -1.88070439]
[-2.44903769 -1.98689526  1.81111546 -0.05793994 -0.28322497 -2.04084316]
[ 0.14269496 -2.54277231  0.38823315 -1.73076826 -1.6091514  -2.94631529]
[-0.44466614 -0.92465593 -0.02689103 -2.44538536 -2.15776767  0.79051304]
[ 1.14618163 -1.60416359  0.97437079  1.36314761 -0.33511772  0.50874127]
[ 1.60778678 -0.65087688  0.29756221 -1.66707719  3.11458697  3.08867011]
[ 3.0725836  -2.81311256  1.42793031 -0.2230272  -0.58236376 -1.55992523]
[-2.84126989 -0.30078687  1.84391662  1.30462261 -0.70186438 -2.69435805]
[-0.81407743 -0.34087046  2.36741599 -1.38518817 -1.6136433   1.34978205]
[-2.27133867 -0.88767919 -1.54724425 -0.54897071  1.84617219  0.48645865]
[ 0.03878732 -1.96378377 -1.02444378  2.0859161   3.01990827 -0.06130825]
[ 2.08959254 -0.84844153 -0.81451524  2.80178971  0.57830542  3.003311  ]
[ 1.10389492 -2.56156576 -0.38639968  1.13026085 -1.38059107  1.69375402]
[ 0.00628675 -2.38546524 -0.33430197  2.46517938  2.87451196  1.51670618]
[ 2.0479484  -0.98033199  0.00355607 -1.27435496 -0.9708764  -0.67552194]
[-0.55200161 -1.35242349  0.60919291 -0.14555862  0.3522098   1.66041971]
[-0.89884588 -1.16273959 -0.07046595 -0.85748159  2.30559075  0.45590897]
[ 1.4899509  -2.6863004  -0.05389152 -1.43964786 -2.074988   -3.10471213]
[ 1.78121216 -2.48742334  0.19983613  0.70803122  2.1063086   2.34515745]
[-2.96911613 -0.72728262  1.82049476  0.88555498  2.20106834  1.54453064]
[ 1.61085394 -2.0353766  -0.09722012  0.98158531  2.32339701  1.05603947]
[ 2.68780812 -1.0155998   0.30595362 -1.93058751  0.25652976  2.86829307]
[ 0.83090607 -2.8474223  -2.97597831 -1.5103018   0.60949311 -2.14547783]
[ 2.73932866 -0.72055924  3.13855381  2.10802333 -1.32008375  0.07497225]
[ 1.45531261 -0.70840417  2.72519945  0.53819009 -0.78748945  0.28427738]
[ 1.24740509 -2.16929245 -2.68594939  0.34070558  2.61631716 -0.79352666]
[-2.67093247 -1.6693523  -0.65308646 -2.26154487  1.85172674  1.26675134]
[ 2.46643967 -2.00379972 -0.50141987 -0.09831085  2.14227772 -1.23257481]
[-2.73402018 -2.62962384  2.82263698 -1.34582395  2.37120676 -0.9380511 ]
[-0.09768494 -1.01752158 -1.76916963 -0.91570534  2.29953656 -2.25438195]
[-0.40027711 -2.37990931 -2.53438483  2.26214721 -2.84462988 -1.20280657]
[-0.20513035 -0.1706682  -2.82308967  0.50643251 -0.31204734 -0.636023  ]
[-2.96629024 -0.45329995  2.42461152 -0.5540861  -2.21871208 -0.44539078]
[-1.23668828 -0.22208696  1.69977116 -1.99872174 -0.36195957  2.18483326]
[ 1.04760496 -1.0887977   2.2476909  -0.36139415 -0.93258115  2.78372342]
[-1.79144397 -0.33252645 -0.82600164  1.33022226 -1.03892596 -2.44869237]
[ 2.80881342 -2.31917888 -0.30555862 -1.55444458 -2.88345804  2.90304246]
[ 2.46883549 -0.43624913 -0.21509461  2.64641675 -1.29595708 -2.90451152]
[-1.25513297 -2.86083237 -2.3821893   1.98288676  2.79800458 -1.01922577]
[-1.55306856 -1.76967739 -2.36279305  0.78060404  1.34531939 -2.93997391]
[-0.15996039 -0.31486127  3.03552713 -0.08698366  1.05305625 -2.7760822 ]
[-0.37496281 -2.29753663  1.15392447 -0.52942936  2.13777023 -2.67606943]
[-0.75031124 -0.62301818 -2.45807068 -1.11766227  1.0468996   2.41674163]
[-1.80404241 -0.39672986  2.45732816 -1.82163925 -3.03584468 -2.91608388]
[ 1.78146315 -0.81371304  2.89619308 -2.21106149 -3.01596172  0.08732877]
[-2.92974287 -2.68695062  2.31782101  1.43511404 -0.07058631  0.3445831 ]
[ 0.2094479  -0.84841395 -1.7070817  -3.03947954  0.56278216 -0.05542506]
[ 0.00371809 -0.59076643  1.879117    0.17799329 -1.09924093  2.97524877]
[-2.00194971 -0.79375932  1.12153198 -2.12907463 -1.89192196  0.6251404 ]
[-1.13558267 -2.36211363 -3.09662794 -0.78461624 -0.18120008 -2.69306096]
[ 2.97318602 -1.70224587  2.7006129   0.71273187  0.06122697  2.05424542]
[-0.37178375 -2.20523659 -2.75224454 -2.61522776  1.45411478  2.19541168]
[ 2.89872812 -1.57764814 -0.70718936 -1.7905745  -0.83096292 -2.10999438]
[ 2.2372997  -1.11984011 -0.59349945  2.50830082 -0.75335741  0.59322521]
[ 0.2228716  -0.98446332 -0.83962006 -3.02661472  2.95316635 -2.73869584]
[-1.78205948 -2.00932741 -1.83863779  2.35805823 -2.01989233  1.3280713 ]
[ 1.7392791  -0.09570046 -1.76469459  0.10848319  3.13209262  1.77092694]
[-0.84260234 -0.89377229 -0.71232046  3.08096069  0.7243749   1.46784167]
[ 2.23269985 -1.46975758  2.14269563 -1.25788687 -2.76233675  2.26859906]
[ 2.78242108 -2.80132349  0.70902123  2.94768243 -2.61163759 -0.82377656]
[-1.2921202  -2.49954417  0.91201249  1.24707688 -1.38932544  0.26468442]
[ 1.08750285 -1.60147486 -1.81079961  2.80517457  2.0289774   1.78189069]
[ 0.51170901 -1.94071021  0.6761914  -2.74508512  2.92325018 -1.41452962]
[-2.11383152 -2.0796658   1.24250605 -1.09290754  0.35975244 -0.32314958]
[ 2.67034437 -0.66165377  2.36312548 -3.07594871  1.1693338   0.92511954]
[ 1.16509065 -0.8776425   0.49356287  2.34695774 -0.4064733   1.52772319]
[ 2.01160909 -0.9703745   1.78445956  2.03354175  1.92272417  1.33108598]
[-1.48084185 -0.52828834 -1.74936935 -1.61900858 -1.40872067  2.68210201]
[ 0.75842353 -1.24136357 -0.10544677 -1.61820641  1.09679864  2.85945304]
[-2.82343857 -0.26214914 -0.83260952  1.31954624  1.11724275  1.98120285]
[ 2.4048319  -0.81554446 -2.05369917  2.83859041  2.94395736 -2.46250863]
[-0.58932398 -0.57483993 -1.10819152 -1.65758414  1.80200274 -1.66714769]
[ 2.14126745 -1.02371345  0.75329973  1.48172247  0.48069077 -2.71303077]
[-2.70814251 -1.90360539 -2.1356781   2.78342361 -1.99579896 -1.19125871]
[-1.91509258 -2.60723297 -1.73653813 -1.29714788  1.59883926 -3.0030734 ]
[-1.81200838 -0.13819861  0.86422194 -2.92217081 -0.14076388  1.05550652]
[ 2.7726412  -0.55357947  0.53692156  2.1247886   1.8881552   0.1182597 ]
[-0.52910383 -0.87164381 -0.15494335  1.09724819  2.6488545   1.70495058]
[-0.12307976 -1.96283749 -1.50141025  1.96322124  2.59254859  0.37054571]
[ 2.50950246 -1.05732124  0.95788598 -1.52367362  0.13000619  1.19608854]
[ 0.83412308 -1.95141757  1.93841425  2.49584707 -2.22696621  0.78981058]
[ 1.67386122 -1.5324042   0.82264761  0.8549912   0.34705332  1.9899184 ]
[ 2.87218927 -1.37710177 -0.92243915  1.58739094 -1.6425343   0.21693153]
[-0.60179064 -1.83729422  0.34374237 -2.86250969 -0.63461374 -2.67221799]
[-0.99281876 -0.98891679 -1.7969789   2.72261753 -2.35481114 -1.60957111]
[-2.72891846 -0.0058988  -1.36420734  1.37270275 -2.12639608 -2.17243879]
[ 1.83296663 -0.2224092  -2.28783063 -3.02623333  2.1744715  -2.59908183]
[-0.27256614 -2.34637828 -2.96831255  0.52295353  0.36105341  1.16607865]
[-1.87546522 -1.39928051 -1.27124509 -0.1006642  -2.22633217 -1.62577135]
[ 1.80487109 -1.34755627 -1.37880989  0.56661045  1.92385046 -1.96767848]
[-2.44002666 -2.29232925 -0.67710437 -0.51919179  0.63059899 -1.72169084]
[ 1.62176673 -0.21902052 -1.21890744 -0.9153718   1.47176559 -1.4963888 ]
[-0.09201512 -2.05079124  1.16153367  2.68780862  0.02881488  2.68957752]
[-1.75704636 -0.58532374 -1.91112702 -0.23355301 -1.07933791 -2.77054382]
[-0.51401012 -2.5212124   0.98505989 -0.87595259  0.06174023  2.96315845]
[ 1.63645197 -2.3540447  -0.30672219  2.59254444  1.72948243 -1.27227084]
[ 0.25991672 -0.65332449 -0.34183195  0.6595825   1.64574079  0.90844349]
[ 1.70811214 -2.57478516 -3.06670981 -0.13801392  2.34344685 -2.1199588 ]
[ 2.39295406 -0.93164362 -1.51428887  0.37083729  0.62012048  2.0426734 ]
[ 2.04282394 -2.50973123 -1.1251168  -1.90334035  1.21311731  2.81798933]
[-1.3419219  -1.64089439 -0.82477981 -1.95016933 -0.18496097  2.88839554]
[ 1.62240334 -0.94827196 -2.19971616 -0.79310156 -0.86544092  1.80812205]
[-0.35664434 -1.9774593   0.26091017  0.80854437 -1.37660304 -1.68468414]
[-0.61284109 -1.212004   -2.20991055 -0.96433508 -0.88587879 -0.44287684]
[ 1.52710716 -2.57107617  1.31458337  0.98739898 -0.11015968  0.88413804]
[ 2.95287573 -2.85180316 -2.58409029 -2.18612245 -1.05009389  2.90414273]
[-2.76613745 -0.08191974 -0.15818429 -2.84274772 -2.2268467  -2.72140981]
[-0.61091788 -0.76064364  2.11689044 -1.5009774  -0.35568591 -3.10432696]
[ 2.43840025 -0.46512489 -1.80303517  0.02827766 -0.56737092 -2.49096838]
[-0.17734109 -2.725513   -0.20861367  0.06232949 -1.64895905  0.75930006]
[ 2.91879978 -2.68524612  2.27922927 -2.64322282 -1.56216158 -1.63933388]
[ 1.20206682 -1.10409485 -0.52534308  1.10623798  1.92409848 -3.13067262]
[-0.62740789 -2.22154845 -3.09531916 -2.76284163 -2.62786554 -2.70720615]
[-1.38796938 -1.12493975  0.6018409  -1.06463367  2.95757906 -1.91962352]
[-2.79389576 -2.50511449  1.64026848  0.76093232 -1.62354926  2.17065213]
[-1.46791841 -1.66275204 -1.00166611 -0.48143393 -0.9777261   3.04940764]
[-1.98669203 -2.0806295  -0.99520335  2.89426854  0.83030078  0.8780667 ]
[ 1.742333   -2.16682012  3.09244784 -3.11024771  1.88068214 -0.84869316]
[-2.92997288 -1.88355549 -0.84170201  3.07972758  1.22888334  2.43822632]
[ 2.02600982 -0.33586627 -0.35132061 -2.68182533 -2.37871195 -1.6006053 ]
[ 0.14386716 -3.06113359 -0.227304    0.35969427  0.95331162  1.98914685]
[ 2.92725138 -0.35970861 -1.90247175  0.65337725 -2.06615981 -2.41139796]
[-2.4934089  -2.88732062  3.05690088  2.43963528 -0.8211712  -0.63249471]
[ 0.0233014  -0.58207524  2.14813864 -2.15120953 -2.80117793  3.03928277]
[-0.10530455 -2.34200689 -0.78178531  1.67251997 -1.28834307  2.22289347]
[-1.36276648 -2.70896164  3.09923941  2.64325917 -0.11266602  0.76883168]
[-0.97257304 -1.41723056 -1.91787599  0.69150016  2.14136616  2.38686917]
[ 0.73965845 -2.64703457 -2.92636855 -0.88136124  1.88919243  2.12642159]
[-1.86968945 -2.54182291  1.12433324  1.6498454  -0.08945601 -1.44984365]
[-2.46576726 -2.42450485  0.97813756 -0.67616351 -2.67504212 -1.30340176]
[ 2.95101444 -3.0064925   2.7104363  -2.99204764  1.45096309  0.00976537]
[-0.69451139 -2.52124255 -1.92693028  1.12619907 -2.55028772 -0.09867594]
[ 2.64849698 -2.84781304  2.41553383 -0.02879666  2.89285953 -0.77657768]
[-1.85579779 -2.41349306  1.82768466 -0.39908017  0.69728642  0.88081247]
[ 2.71197557 -0.22620298  1.08209424 -1.98438025  2.8220587   2.83375304]
[ 1.43879328 -1.3013726  -0.2277647  -0.64515782 -1.38773007 -2.94878324]
[-0.69821029 -0.7465836  -2.71090556 -0.9382767  -2.12173842  2.0876318 ]
[-2.49271523 -3.12098769 -1.57113702 -1.86340908 -1.96697306  0.12846937]
[-0.40999454 -2.35164426 -1.42928352  0.09677299 -2.38999858  1.72577376]
[ 3.12104605 -0.04564083 -2.35963862 -2.02324072  3.03975354  1.85393314]
[-2.72149279 -2.9731672   2.42016023 -1.517665    1.99827352  2.09638181]
[-0.1763103  -2.89773041  0.32849686 -0.37030602  2.61469119 -3.13429049]
[-0.95539208 -0.87603366  0.28619583 -2.07531118 -2.46586695 -2.12187173]
