[ 0.34271345  0.16402481  2.24718229]
[-0.22369698 -0.01304821  1.3724173 ]
[ 0.15617814  0.17426486  1.88991275]
[ 0.04798808  0.19332411  2.12170493]
[-0.13057757  0.34831381  1.50995281]
[ 1.04884499  0.63848501  1.74856766]
[-0.1484651  -0.20184379  1.93859941]
[ 0.2145973  -0.05453146  1.26465574]
[-0.83546361  0.60988448  1.86636712]
[-0.3149319   0.00749504  0.99708174]
[-0.17186878 -0.06217131  1.95687806]
[-0.18508483  0.1031407   1.45210999]
[-0.62197611  0.48081082  1.18687822]
[ 0.67245097  0.12863354  0.99910473]
[-0.35984961  0.08004803  1.22137012]
[-0.03199491 -0.16086967  1.67125786]
[ 0.15371955 -0.07303077  2.55241773]
[ 0.16432266  0.00436658  1.50346848]
[ 0.22143259 -0.43064237  1.60720139]
[-0.71430878  0.47800459  1.79455049]
[-0.1573926   0.34983127  2.3139584 ]
[-0.61871944 -0.1981353   0.86193634]
[-0.24287287 -0.56409442  1.47949483]
[-0.10373862  0.21257381  1.30008082]
[ 0.41156704  1.04107385  1.5188549 ]
[-0.16347321 -0.01488152  2.3859903 ]
[-0.33875738  0.04558357  1.85197892]
[-0.13041409 -0.00906327  1.07661021]
[-0.15645818  0.05392465  1.4945323 ]
[-0.21754581  0.23307493  1.23031465]
[-0.07171259  0.78346706  1.46143734]
[ 0.52451851 -0.09593     1.98037106]
[ 0.06731983 -0.26405906  1.27509178]
[-0.22580865  0.0659309   1.28146748]
[ 0.21314318 -0.03988723  1.33658574]
[ 0.17726272 -0.03768905  2.29181374]
[-0.43136659  0.83047575  1.87361544]
[-0.3861641  -0.04424026  1.69393666]
[ 0.67600834 -0.71831749  1.67911813]
[ 0.50966996 -0.25164966  2.03354184]
[ 0.43952615  0.34440164  1.97537338]
[-0.69235497  0.11226089  2.09393013]
[ 0.45364021 -0.0798205   1.47636916]
[ 0.0865834   0.20836519  1.20315129]
[ 0.60552524 -0.32398383  0.84155209]
[ 0.13392163  0.12179302  1.59720458]
[-0.26767137  0.24593173  1.21795769]
[-0.32119102 -0.78783857  1.62382889]
[-0.8369373   0.63659083  1.84448046]
[-0.63681609 -0.91895101  0.87243705]
[ 0.35504495  0.94599106  1.30992275]
[ 0.0929006  -0.20938955  2.31553487]
[ 1.04293301 -0.3405581   1.25315343]
[ 0.17629806 -1.0030815   1.76021665]
[ 0.45243839  0.51471398  2.13813171]
[-0.16016909 -0.17703383  1.61046903]
[ 0.63069435 -0.15457908  2.09166216]
[ 0.1430413  -0.41554323  1.47736957]
[  6.01039947e-04   2.98034970e-01   2.14864983e+00]
[ 0.27781806 -0.70885843  0.93199238]
[ 0.40771607 -0.05103213  1.95135798]
[ 0.11052699  0.14657096  2.55352422]
[-0.26102308 -0.10066895  1.66988175]
[ 0.37631998 -0.1000043   1.34675664]
[-0.25553609  0.46900847  2.46138179]
[ 0.1629221   0.0262883   1.31460525]
[ 0.30624871  0.3846841   2.52824369]
[-0.16147614 -0.02992324  1.91646906]
[ 0.17254614  0.0271088   1.72843628]
[-0.77234061  0.1357061   0.77610117]
[ 0.16675786 -0.02622546  2.52062929]
[ 0.28630572 -0.06539159  1.40906146]
[-0.16154253 -0.34997403  0.99875421]
[ 0.14071157 -0.6121573   1.59192426]
[ 0.02041904 -0.36610829  1.51951218]
[ 0.23027807 -0.17161839  0.92264685]
[ 0.93542327  0.42337086  1.67240437]
[-0.7600783  -0.06595906  2.10850367]
[ 0.58760855  0.18349311  2.3837747 ]
[ 0.81220277  0.07210603  1.565608  ]
[ 0.14907542 -0.07376794  1.24883265]
[-1.11430895 -0.12174035  1.57782244]
[-0.06422175 -1.00609816  1.90038765]
[-0.53150066 -0.44732815  1.91662736]
[-0.36774861  0.82354831  2.24349021]
[ 0.02610834 -0.21421252  2.16437561]
[-0.08035431 -0.86421271  2.03998113]
[-0.10365635 -0.23408106  1.17584392]
[ 0.40567198  0.03506027  2.33233811]
[-0.72095315  0.42231152  2.14182   ]
[ 0.06617727 -0.18510177  1.61677177]
[-0.03252389  0.17076067  1.24715043]
[-0.1565756  -0.58533421  1.20026973]
[-0.18320172 -0.06118016  2.20080677]
[-0.17292723  0.02889505  1.25013909]
[ 0.21996114 -0.54347435  2.11899278]
[ 0.68155834  0.03615756  0.82101211]
[-0.62923096  0.79715148  2.12558212]
[ 0.32265695  1.04372     1.2650146 ]
[-0.63425701 -0.68693867  1.11047966]
[ 0.59346866  0.33343948  1.41194898]
[-0.02428357 -0.3256992   1.12808411]
[-0.11750692  0.11539286  1.71777526]
[ 0.0698881  -0.16100204  2.12737646]
[ 0.201367    0.75743445  0.89396123]
[ 0.73722483  0.22260392  2.27751553]
[-0.04817365  0.41655391  2.41662469]
[ 0.05477133  0.44414714  1.16975543]
[-0.20102167  0.05465392  0.95913443]
[ 0.74141061 -0.0548095   1.82974172]
[-0.65666101 -0.44627887  2.05113193]
[-0.41462234  0.12901786  1.83113318]
[ 0.01167599 -0.49536418  2.00862895]
[-0.25399946  0.21501169  2.40528303]
[ 0.28581677  0.51295866  2.4055667 ]
[-0.2481453   0.16434849  1.44736867]
[-0.12878229  0.10166349  2.29382249]
[ 0.14415661 -0.11881667  2.54272493]
[ 0.26089491  0.02770152  1.5031144 ]
[ 0.96802665  0.0278054   2.1846571 ]
[-0.47612366 -0.70071669  1.03379936]
[ 0.60611831  0.22179032  2.14314169]
[-0.1256647   0.16399285  2.30199479]
[ 0.04260483 -1.27520622  1.60399082]
[ 0.15866371 -0.04365238  1.27448381]
[ 0.70896094  0.65539495  1.97381339]
[ 0.40950126 -0.9091775   1.47263701]
[-0.72758135  0.42256659  1.90859631]
[-0.97518245  0.14410586  1.37284197]
[ 0.24713062  0.01183556  1.9994359 ]
[-0.18492059 -0.08469441  1.64913923]
[-0.9666402   0.77517897  1.61392842]
[ 0.70014867  0.51545568  2.04152582]
[-0.09011557 -0.89565933  1.99270193]
[-0.56544457  0.0707694   1.27652097]
[ 0.08581164  0.13996844  2.45115864]
[ 0.01807805  0.21689428  2.0047574 ]
[ 0.22965177  0.02553654  2.01827827]
[ 0.31149015  0.20759505  2.22222305]
[-0.03945751 -0.2158428   1.49405822]
[ 0.56690831  0.03366717  1.32298175]
[ 0.02276839 -0.31280486  1.43151088]
[-0.02121956  0.38473216  1.08904158]
[-0.11073111 -0.33598997  1.14777766]
[ 0.71307806 -0.29870298  1.4729728 ]
[-0.19212488  0.13277735  1.30842502]
[-0.10542406  0.26522063  2.20621594]
[ 0.57692331  0.4651174   2.0953562 ]
[-0.97784967 -0.61138574  1.70943491]
[ 0.00686119  0.25943159  1.20303603]
[ 0.5535625   0.08785764  2.19312409]
[-0.50186435  0.09940033  2.50871643]
[-0.15220193  0.27157657  2.09955282]
[-0.02946659 -0.5726636   0.65289832]
[-0.02831116  0.55450205  1.54462947]
[-0.50987582 -0.23882062  1.50217807]
[-0.30821395 -0.01427332  1.09113348]
[-0.00201598 -0.18705472  1.37827191]
[ 0.2829309   0.0966606   0.87278798]
[-0.02267528 -0.22415294  2.2546066 ]
[-0.03486403 -0.26679676  0.99071477]
[ 0.03660108 -0.16990133  1.24047593]
[ 0.15899394  0.10570946  1.50313801]
[-0.02806723 -0.28760185  1.05620786]
[ 0.01539678  0.06087771  1.20843175]
[ 0.09993408  0.2822723   1.92856964]
[ 0.6467999  -0.54251955  2.31877453]
[-0.36685703 -0.05955088  1.02051071]
[-0.12784831 -0.14908015  1.20336565]
[ 0.33791937  0.02406421  1.18784855]
[ 0.18214573  0.16747798  1.4205529 ]
[ 0.27414809  0.02176144  1.46459121]
[ 0.1518912  -0.35035433  2.41228582]
[ 0.55145828  0.54767931  1.0390201 ]
[-0.16531174  0.04217122  1.55153745]
[-0.51611644 -0.23411281  2.19378883]
[-0.17917076 -0.41204109  2.27341623]
[ 0.98160204  0.26008823  1.28189862]
[ 0.23939344  0.02030852  1.96708561]
[ 0.22234062 -0.00830588  1.44330519]
[-0.21538012 -0.02373458  2.15733697]
[ 0.20925798  0.18529476  2.12451843]
[ 0.18033751  0.03062148  1.61083301]
[-1.02839645  0.0943509   1.02779712]
[ 0.33969397  0.44940331  1.33617525]
[ 0.35017634  0.34531691  2.20982415]
[ 0.11980701 -0.71424733  1.86857508]
[ 0.28532433  0.89208446  1.69789001]
[-0.01956317 -0.5216899   2.459676  ]
[-0.22395001 -0.02784849  1.46298635]
[-0.04205445  0.15880375  1.76133373]
[-0.2434939   0.93772581  2.1489509 ]
[-0.74812555 -0.19871387  1.88799643]
[-0.1930444   0.08598823  1.25748853]
[ 0.3048073  -0.03242418  1.11189174]
[ 0.12492    -0.77856388  0.68658458]
[-0.28232575  0.11396837  2.40764274]
[ 0.07148844 -1.07514378  2.01392744]
[ 0.087772   -0.56384697  1.08608554]
[ 0.75572899 -0.35826924  1.97159059]
[-0.26959898  0.16474277  2.29192754]
[ 0.89207544 -0.14070948  1.82561183]
[ 0.18003898  0.05832177  1.89328489]
[ 0.23096897  0.02523894  2.13415279]
[ 0.33877303  0.44406235  2.45674799]
[-0.10149965 -0.5087515   2.03310043]
[-0.12350419 -0.12676897  2.39585897]
[-0.135089    0.3349703   2.54551571]
[-0.41445593 -0.05917574  2.33640756]
[-0.56969868 -0.99630093  1.41569785]
[ 0.21772033  0.13118187  1.29368522]
[ 0.31787878 -0.05574973  2.38484977]
[-0.09913204 -0.16765941  1.41780057]
[ 0.17241987 -0.16160303  1.83305423]
[ 0.61051358 -0.89477712  0.83783677]
[ 0.13918658 -0.0932949   1.44540617]
[ 0.7689541   0.61675278  1.93603514]
[-0.12746976 -0.25534729  1.82928003]
[ 0.06278933 -0.17034477  2.12100236]
[ 0.08751794  0.13865612  1.26744846]
[ 0.67188137 -0.4782177   1.17082786]
[-0.15041517 -0.07063422  2.45621281]
[-0.94305435  0.40898913  1.90274467]
[ 0.08204873 -0.3526027   1.80319413]
[ 0.18753252  0.16337051  1.95989293]
[ 0.78545724  0.11070876  1.70058564]
[-0.93740766 -0.4950984   1.63982755]
[ 0.02209992  0.32013153  1.99106941]
[ 0.8219179   0.2411104   1.10005936]
[-0.22035191  0.47749678  2.25489109]
[-0.26478746  0.50653153  1.10572615]
[-0.01772098 -0.29448066  2.35106317]
[ 0.16322192  0.65211084  0.80659646]
[ 0.15576453  0.05341249  1.74613939]
[ 0.41776292 -0.31907154  1.63594347]
[ 0.13194657  0.14684313  1.90368832]
[ 0.20323979  0.08790841  1.58059398]
[ 0.41795861  0.68481092  1.61148097]
[-0.2554189  -0.01164061  2.05483636]
[ 0.15195675 -0.28924488  1.3729672 ]
[ 0.0798071   0.36332968  1.99283651]
[ 0.28866219  0.03824177  1.22665118]
[-0.07525076  0.17715413  1.44632076]
[ 0.20695037 -0.3534055   1.90300357]
[-0.15617054 -0.18988824  2.53962216]
[-0.58770823  0.66868578  1.7622069 ]
[-0.15232684  0.22677306  1.1639933 ]
[-0.49950927  0.42980421  1.39990629]
[ 0.46395994 -0.06246592  0.86978183]
[-0.69032276 -0.4619753   2.27829992]
[-0.86089464 -0.26065325  1.63687422]
[-1.09051161 -0.57160837  1.19907832]
[ 0.1622167  -0.52586468  0.86637606]
[ 0.2716542  -0.26675302  2.56703728]
[ 0.1630095  -0.59921466  1.85915188]
[ 0.41341377 -0.50157923  1.33718206]
[-0.74350632 -0.40151624  1.30254243]
[ 0.87015671 -0.13115651  2.07310598]
[-0.08626728 -0.13954219  1.38655419]
[ 0.16227245  1.18351726  1.75092797]
[-0.0533758  -0.17846415  1.38010597]
[ 0.74252624 -0.45510442  1.93204834]
[ 0.59987303 -0.23951676  2.14853851]
[ 0.15410938 -0.09687147  1.3341055 ]
[-0.16045901  0.39433217  2.39094174]
[ 0.12323244 -0.2455783   2.34678757]
[ 0.23086427  0.52496466  1.67724088]
[-0.10016691 -0.13760146  2.40535815]
[-0.39535592  0.01987872  2.43984574]
[-0.63044453 -0.43276374  2.12520344]
[-0.22469387  0.30585374  1.69573475]
[-0.073211   -1.02259538  1.4254614 ]
[-0.17698832  0.65042523  1.31010715]
[-0.17522667  0.0610826   1.5533762 ]
[ 0.12269716  0.12282928  1.40628439]
[-0.14525456  0.38343765  2.14707294]
[-0.06591318 -0.06517839  1.29030439]
[-0.26990619  0.05461668  1.49541113]
[-0.1334096   0.96341803  1.92264092]
[-0.19948286  0.27982333  2.04155116]
[ 0.2755189  -0.39215984  2.30633023]
[-0.14502787 -0.65238841  2.2558384 ]
[-0.12151826 -0.11440331  1.36794879]
[-0.02355394  0.46084681  1.56946854]
[ 0.35275676  0.22355817  1.4389515 ]
[ 0.6821574   0.52898247  1.36067286]
[ 0.33863224  0.18189065  0.85654895]
[ 0.06396302 -0.50771279  2.39813568]
[-0.05255611  0.28008544  1.40674931]
[-0.66305573  0.22361057  1.65414498]
[ 0.10926899  1.08797722  1.57360729]
[ 0.08408266  0.18411808  1.14434692]
[-0.1525813  -0.52800049  0.76900607]
[-0.50516148 -0.92877242  1.5097378 ]
[ 0.81884912 -0.37430095  1.2715507 ]
[ 0.65883657  0.21426783  2.18351885]
[  1.70683463e-01  -2.12140247e-03   2.56250356e+00]
[ 0.36204409  0.78288477  1.93753107]
[ 0.49231468 -0.51765286  1.84329008]
[-0.98926318 -0.27705982  1.29828976]
[ 0.22465331 -0.63880662  2.00613622]
[-0.55874337 -0.64182167  1.83416374]
[-0.17194448 -0.07438331  0.98897858]
[-0.04840263 -0.43500939  1.54544842]
[-0.54062209  0.03608557  2.08779988]
[ 0.00891765 -0.29916833  0.90270639]
[-0.09476914  0.35063859  1.55971737]
[ 0.97104113  0.09598684  1.36122967]
[ 0.32306883  0.147202    0.82716063]
[ 0.3259435  -0.25954766  1.92685541]
[-0.1909038   0.34407613  0.80497236]
[ 0.26299883  0.55891759  1.07296731]
[ 0.19221497  0.19340813  1.99230999]
[-0.69563048 -0.46457256  2.0936896 ]
[ 0.18334257 -0.01234329  1.30090256]
[-0.08696956  0.21890776  1.29933105]
[-0.15771501  0.17873988  1.68011788]
[-0.4016729   1.09907925  1.60181554]
[ 0.71191247 -0.08008741  0.86664583]
[ 0.11282511  0.1195399   1.5088956 ]
[ 0.04378928  0.1582425   1.58414703]
[ 0.09663556  0.47841029  2.00063026]
[-0.15732045 -0.06973548  1.46734984]
[ 0.15404363  0.14300743  2.14709594]
[-0.41701559 -0.10175002  2.39232595]
[ 0.02593613 -0.16341414  2.32456722]
[ 1.16741208  0.0951611   1.64561885]
[-0.61274137 -0.13063046  1.15964927]
[ 0.39028901  0.13414457  1.57097847]
[ 0.16089073 -0.66231574  1.18733244]
[-0.53449502 -0.77999099  2.18076661]
[ 0.41155626 -0.72390652  1.60917379]
[-0.3137545   0.15808689  1.96306378]
[ 0.22510029  0.16613004  1.67441568]
[-0.18564687 -1.16572188  1.77698344]
[-0.9377748   0.53794284  1.62645138]
[-0.27223211 -0.35610787  2.3814824 ]
[ 0.47378753 -0.22485317  2.251264  ]
[ 0.30622539  0.44455927  2.31872119]
[ 0.33821569  0.3658008   2.12941144]
[-0.15806948 -0.23366994  1.09545723]
[-0.27921771  0.52381894  1.10671029]
[-0.10148441 -0.92955789  0.89069149]
[ 0.08839409 -0.18810411  1.18818055]
[ 0.73320317  0.29348285  1.76208694]
[ 0.18982377  0.06399653  1.74347862]
[ 0.11946929  0.35881973  2.33998545]
[ 0.57793904  0.17900477  0.89503141]
[ 0.3873838   0.11053631  1.39535126]
[-0.13231238 -0.99987901  1.96318828]
[-0.18413715 -0.0402945   2.11333062]
[ 0.34367543 -0.85286878  1.98767746]
[-0.24928761  0.15780571  1.89863838]
[-0.26515381  0.49170799  0.73167478]
[ 0.50543449  0.47800219  1.70178055]
[-0.14797052  0.29547027  2.55959448]
[ 0.31504358  0.15663592  0.97638963]
[ 0.13632354 -0.305133    2.44817264]
[-0.02398432 -0.17784714  1.19072162]
[ 0.15281674 -0.96831234  2.18656729]
[-0.67022553 -0.4671217   2.17699957]
[ 0.6733852  -0.52411927  1.9567674 ]
[-0.06903154 -0.17002767  1.43225187]
[-0.09081708 -0.17084755  2.40075466]
[ 0.45107863 -0.10092415  2.39793358]
[-0.48804411 -0.95199047  1.80666532]
[ 0.77538392 -0.15951717  1.22259425]
[-0.15891122 -1.0743862   1.42721288]
[ 0.61902965 -0.25544683  1.98004332]
[-0.43554732  0.78418925  1.90061306]
[-0.10870211 -0.13485758  1.46091301]
[-0.77935738  0.08799729  2.24808135]
[-0.11029336 -0.15292748  1.74268858]
[-0.13140202  0.10662153  1.47398832]
[ 0.33298608  0.33653574  1.41249634]
[-0.91385366  0.16796655  2.00395057]
[ 0.00235624  1.22567061  1.38341359]
[-0.11530053  0.19214649  1.47406052]
[-0.27581991 -0.26116873  1.48393281]
[-0.37135249  0.15943121  2.17843634]
[ 0.45728222 -0.35503897  2.09077514]
[ 0.57578689 -0.05124756  0.9587104 ]
[ 0.0599265  -0.79269581  2.09848703]
[ 0.13450634  0.12831461  1.33321212]
[ 0.63342973  0.39840304  2.02915009]
[-0.20513206 -0.36850548  1.91993384]
[-0.03360884  0.16109814  2.29007768]
[ 0.43491884  0.35706773  2.38702027]
[ 0.14717955  0.07689721  1.59617963]
[ 0.19029701 -0.118772    2.36154961]
[-0.07145724  0.15040223  1.55993377]
[ 0.38114364  0.72465131  2.16688581]
[ 0.45337143 -0.25010541  2.28651146]
[ 0.27156284 -0.13723157  2.50439398]
[-0.15392456 -0.78009748  1.43871999]
[ 0.29938792 -0.843275    1.98989404]
[ 0.46762459 -0.21508389  2.3262712 ]
[-0.24574863 -0.04718127  1.53928069]
[-0.17128739  0.53399001  1.58036384]
[-0.05058011  0.26291402  0.96682771]
[ 1.21133114  0.08769446  1.67242634]
[ 0.10425874 -0.18325824  1.39931823]
[ 0.24014594 -0.04948464  2.19565716]
[ 0.28616827 -1.13823397  1.47533932]
[-0.19541277 -0.15598251  1.30645375]
[-0.185951   -0.144182    1.41750099]
[ 0.30335165  0.17768825  2.28672618]
[ 0.27173371 -0.18464521  2.34679974]
[-0.10971856  0.46347811  2.11570158]
[-0.25121297  0.17190231  1.70278338]
[ 0.06371025  0.15248591  1.29546911]
[-0.66345217  0.31722262  1.54290389]
[ 0.73684944  0.71194337  2.12952685]
[-0.60487576  0.04967865  1.18568868]
[-0.15499097  0.06997741  1.93380255]
[ -6.37647619e-04   1.64228037e-01   1.82727737e+00]
[-0.10799264 -0.27996248  1.49989784]
[-0.3982534   0.41835375  1.18252858]
[ 0.07456704  0.22473056  0.84486225]
[-0.2169461   0.34400813  2.38239001]
[ 0.64568848  0.15949328  2.40127077]
[ 0.35715495  0.20092693  2.4630032 ]
[-0.50667985 -0.46588789  2.14214123]
[ 0.7570684  -0.45855507  2.18325386]
[ 0.99208028  0.81415567  1.50239848]
[ 0.1559347   0.07074877  1.28519678]
[-0.27336477  0.20509957  2.30607781]
[-0.02902885 -0.23703441  1.21130966]
[ 0.20249998  0.21725314  1.61281541]
[-0.38213452 -1.04519267  1.59192784]
[ 0.29550697  0.63243488  2.24490205]
[-0.42922701  0.02166444  1.97503136]
[ 0.20131297 -0.55358625  1.1481841 ]
[-0.41765559  0.87051058  1.96582252]
[-0.64927364 -0.3658104   1.28268576]
[ 0.41497119 -0.54055543  2.18185134]
[-0.41054791 -0.38530241  1.71751222]
[-0.43660434 -0.00267564  1.98612435]
[ 0.39522009  0.03619857  2.47295613]
[-0.07632048 -0.18551817  1.56855195]
[ 0.42595308  0.07036345  2.54442524]
[ 0.11388679  0.35580691  1.96700878]
[-0.17642738  0.02229304  1.80685486]
[ 0.1719941   0.10631537  2.08459931]
[ 0.20740714 -0.65210787  1.71229065]
[-0.50378088 -0.60779308  2.22217285]
[-0.16616918  0.81134185  0.91706051]
[-0.33981365 -0.60916397  2.13396244]
[-0.61442389  0.10443128  1.34276782]
[ 0.02509551 -0.16304211  1.58963248]
[-0.22738906 -0.04285978  1.78209845]
[-0.1010355   0.12924774  1.6149231 ]
[-0.30699059  0.00313645  1.27026665]
[-0.04892915 -1.0694099   1.48819336]
[ 0.34829557 -0.26945796  2.33034794]
[ 0.17005215 -0.13582503  1.89082865]
[ 0.19807828 -0.07064054  1.80182418]
[-0.61786808  0.24267445  2.24985905]
[-0.14263378 -0.21549433  1.37795126]
[-0.40925565  0.42863136  2.4557228 ]
[ 0.19073193 -0.10872798  1.33488135]
[ 0.25550243 -0.00459096  1.16845496]
[ 0.00638202  0.17863348  2.29778322]
[-0.85476693  0.70188886  1.64196268]
[ 0.32691651 -0.12286745  1.5008777 ]
[-0.58682328  0.49932635  2.29994317]
[-0.37913144  0.71669115  2.20788632]
[ 0.08837813  0.04084563  1.17431958]
[-0.08146527 -0.46814765  1.25633735]
[-0.11447562 -0.95928989  2.08318758]
[ 0.73541935 -0.61487366  0.83178351]
[-0.67506914 -0.00331169  1.04740065]
[ 0.14796712  0.08783776  2.03985938]
[ 0.91018226 -0.52259906  1.42526826]
[-0.27947888 -1.00026613  1.28080929]
[-0.2049569  0.1682296  1.20687  ]
[-0.08433035 -0.27249247  1.9370136 ]
[-0.10516293  0.24529604  2.18739269]
[ 0.46020047 -0.25103389  2.20247403]
[ 0.08133255  0.17886914  2.30949522]
[ 0.07582823  0.17949272  1.49054663]
[-0.18702134 -0.21450393  2.13234398]
[-0.15959085 -0.06642789  1.45134862]
[ 0.08194957  0.10150002  1.28394776]
[-0.0315382   0.30040989  1.98683631]
[ 0.515891    0.03041225  2.10265279]
[ 0.26323774  0.00928582  2.33359262]
[ 0.35584933  0.36070399  1.33043538]
[-0.19602596 -0.03598909  1.90286191]
[ 0.26316807  0.67570217  2.22329584]
[-0.02635118  0.43835355  1.95287839]
[ 0.16876188  0.11266959  1.2635962 ]
[ 0.73418065 -0.31482033  2.00239654]
[ 0.01943066  0.16709712  1.80597432]
[-0.60749476 -0.82357438  1.74846312]
[ 0.09882675 -0.35727208  2.34068032]
[-1.02057581  0.19068649  1.55145783]
[-0.36160214  1.21270938  1.34356764]
[-0.31693979  0.21685318  1.00040786]
[-0.12108371 -0.18902353  2.43179867]
[ 0.82137374  0.12582135  2.03799338]
[ 0.54359507  0.34617493  1.33332188]
[-0.91872649 -0.41342205  2.08330984]
[-0.18725663  0.76266516  1.22766527]
[-0.03309529 -1.1848382   1.83996439]
[ 0.05692292  0.03036086  1.01625012]
[ 0.32713951  0.05393935  1.14726142]
[ 0.30026385  0.19301377  1.99208127]
[ 0.66421623 -0.57171369  1.51916106]
[ 0.15213858  0.06793864  1.46884315]
[ 0.01482538  0.10132473  0.9671596 ]
[ 0.04363161  0.14396901  0.85442999]
[-0.165888    0.0085231   2.46165957]
[ 0.47312242  0.08178515  1.75397851]
[-0.10858398 -0.76161789  1.18928584]
[-0.71589138 -0.30760504  0.99367677]
[ 0.26766391  0.29071017  0.97815864]
[-0.02421347 -0.20245994  0.9394247 ]
[ 0.19511076  0.25527483  1.14704721]
[-0.28778151  0.23823751  1.31553498]
[-0.38805091 -0.64922812  1.58870043]
[-0.91887169  0.05302448  2.21010801]
[-0.19496148  0.09688353  2.34179861]
[ 0.21091719  0.20417612  1.53592008]
[-0.17875943  0.00726291  1.86518864]
[-0.31451185  0.15480266  2.10783279]
[-0.24207951  0.53251252  1.90328039]
[ 0.54616498  0.56230348  1.23416398]
[-0.71027396  0.04067444  2.23408159]
[ 0.46275742 -0.5678231   2.37376815]
[-1.00346057  0.16299419  1.3057495 ]
[-0.65808302 -0.55761834  1.59988917]
[ 0.99226357  0.32006388  1.62998797]
[ 0.01090687  0.14870159  0.94974762]
[-0.04527992 -0.33580901  2.36546695]
[ 0.0866961  -0.25626798  2.26449856]
[ 0.89344218 -0.55119094  1.5274113 ]
[-0.82023568 -0.32741586  0.87928728]
[ 0.09919427  0.14288562  1.83323549]
[ 0.16725343 -0.13733804  1.34140456]
[-0.96554483 -0.74896216  1.52314245]
[ 0.16305401 -0.21366723  1.2676891 ]
[-0.45092759  0.3005574   1.48178035]
[ 0.34535299 -0.21637465  2.17546464]
[-0.50686476 -0.26761824  2.16637197]
[-0.79168822  0.05652618  2.14562589]
[ 0.00346248 -0.17286325  1.71216391]
[-0.1569789  -0.12641907  1.79557418]
[-0.96613334 -0.31949856  1.69461336]
[ 0.42739169  0.3203374   1.97882037]
[-0.29427452  0.22738183  2.24948227]
[ 0.16012331 -0.10189077  1.76874797]
[ -1.34901744e-03   1.64291487e-01   2.36614769e+00]
[ 0.03955156 -0.28066918  0.90265831]
[-0.17108942  0.12893837  2.00501535]
[ 0.45757853 -0.64496738  1.89874686]
[ 0.83060649  0.28916516  1.83398345]
[ 0.36839865 -0.56801277  1.89279421]
[-0.59789283  0.09809314  1.73869504]
[-0.32948971  0.69648514  1.21053052]
[ 0.22644997 -0.43677131  1.76669343]
[-0.49070314 -0.40065025  1.97726783]
[ 0.70996423  0.34175794  1.6661081 ]
[ 0.19228241 -0.90003177  2.09162604]
[-0.84826576  0.39607018  1.52116737]
[ 0.94006585 -0.44110026  1.18015136]
[ 0.3528817   0.08642922  2.11228778]
[ 0.54749507  0.37871165  1.95460885]
[-0.79401486  0.5411357   2.05073724]
[ 0.19188772  0.09033006  1.22962999]
[ 0.15616508  0.09479714  2.38853082]
[ 0.17805706  0.08081946  1.85214245]
[-0.16821704 -0.07325603  1.35479193]
[-0.46330703 -0.73033359  0.82319963]
[ 0.02214657 -0.24587259  0.96609582]
[-0.84149786 -0.82526311  1.66510229]
[-0.06520016 -0.27186094  1.49345351]
[ 0.12228906  0.23002771  1.26093742]
[-0.16179635  0.36363064  1.92278474]
[ 0.15887974  0.041504    2.24002384]
[-0.0986262  -0.49224379  1.86267523]
[ 0.49124282 -0.83740758  1.00876588]
[-0.18515478 -0.07496195  1.66356816]
[-0.21680161 -0.79406248  2.0678508 ]
[-0.09042298 -0.1480302   1.24170405]
[-0.21717843  0.20338384  1.51147327]
[-0.11735637  0.2691607   1.88959855]
[-0.1734039  -0.38584662  1.16054641]
[ 0.05965982 -0.28740551  1.58027574]
[-0.29371583  0.19360325  2.23927399]
[ 0.26738911  0.41199081  2.09611086]
[ 0.00239281  0.16840943  1.62466594]
[-0.51762967 -0.11458166  0.68690573]
[-0.13293465  0.85221818  2.14592317]
[ -2.50207273e-01  -1.10973910e-03   1.36455476e+00]
[ 1.10833255 -0.01122674  1.95992487]
[ 0.12715052 -0.22928725  1.77371907]
[ 0.78815707  0.16916826  2.24300501]
[-0.40839415 -0.13716435  1.30726843]
[ 0.01194398  0.1644449   1.35857205]
[-0.48037665 -0.17991851  1.81765032]
[-0.9642612  -0.45483158  2.00953765]
[-0.065195    0.35049463  2.39233779]
[ 0.19568076 -0.08741406  1.49733146]
[  2.53825227e-04   5.18030677e-01   1.79343153e+00]
[-0.60639371 -0.84247456  1.4969421 ]
[-0.1645192   0.00850068  2.09767051]
[ 0.16478481  0.44322599  1.64825246]
[-0.00257634  0.72475883  2.05833691]
[ 0.48842676 -0.05018254  1.4520409 ]
[-0.82484417 -0.63985749  1.83889345]
[ 0.68600408 -0.57594849  1.92272618]
[-0.12817292  0.48097768  2.27264714]
[ 0.30802155  0.10658761  1.1320385 ]
[-0.28504477 -0.62972644  1.97362254]
[-0.25107085 -0.22510541  1.66912528]
[ 0.15328717 -0.11663801  1.56301895]
[-0.08644624 -0.26865625  1.78110679]
[-0.00491404 -0.29894473  2.09513798]
[ 0.04755437 -0.77497603  1.12079378]
[-0.14967012 -0.66988571  0.96650208]
[-0.76365131 -0.5026068   1.22847836]
[-0.45147118  0.29534892  0.96995014]
[-0.17504978  0.40798419  1.34413414]
[ 0.03149241  0.16122082  2.48903573]
[-0.10096033  0.13002498  2.37849488]
[-0.20205967  0.02483247  2.26328242]
[ 0.02483531 -1.16948888  1.62732544]
[ 0.13614984 -0.09151131  1.24577368]
[ 0.63969857 -0.58069037  1.55563525]
[-0.256737    0.71786872  2.16782425]
[-0.12405894 -0.20440708  2.46902987]
[ 0.03137811  0.71117151  1.54438361]
[-0.603723   -0.51494841  1.233793  ]
[-0.7840394   0.44295236  1.77241129]
[ 0.07500599  0.15483139  1.2849452 ]
[ 0.39393476  0.0455012   1.93941564]
[ 0.43139518 -0.02254743  1.08152675]
[-0.40940667 -0.28671555  2.23539716]
[-0.85118504 -0.7966541   1.65393924]
[ 0.95204968 -0.15991336  1.80348154]
[-0.8262204   0.19318199  1.0954119 ]
[ 0.10462054 -0.78958549  2.12966953]
[-0.18365339 -0.06504409  1.44297446]
[ 0.17238532 -0.12794003  1.50274404]
[-0.23896603 -0.63303417  1.13572729]
[ 0.38494849  0.26817523  2.34305017]
[ 0.61417661  0.55537438  0.97670097]
[ 0.44981181 -0.68000007  1.98127951]
[ 0.33615712 -0.68717872  1.86208733]
[-0.48750029 -0.69860399  1.93225128]
[ 0.08277908  0.68773247  2.37495913]
[-0.06917792  0.1744928   1.39152742]
[ 0.92147064  0.39333406  2.11804415]
[ 0.21349198  0.01322147  1.53112016]
[-0.14462191 -0.15779063  1.733167  ]
[-0.28064263  0.15773026  1.3923127 ]
[ 0.09979225  0.13049651  1.77214432]
[ 0.05445567  0.6950884   2.33350043]
[ -3.30413871e-17  -1.77462570e-16   6.00000000e-01]
[  1.38673611e-17   1.48625744e-17   6.00000000e-01]
[ 0.   0.   0.6]
[  1.44268271e-17  -5.34971214e-17   6.00000000e-01]
[  6.44234131e-17   8.92809490e-17   6.00000000e-01]
[  9.75209205e-17   1.31039476e-16   6.00000000e-01]
[  4.08473197e-17  -9.13314734e-17   6.00000000e-01]
[ -1.05127781e-16  -9.46497024e-17   6.00000000e-01]
[ -7.47187106e-17  -4.10666239e-17   6.00000000e-01]
[ -1.56232204e-16   9.66361955e-17   6.00000000e-01]
[  1.14859101e-16   7.87305138e-17   6.00000000e-01]
[ -2.68487167e-17  -1.11275397e-16   6.00000000e-01]
[  1.25051319e-16   2.43281481e-16   6.00000000e-01]
[ -3.78754905e-16  -3.21267874e-16   6.00000000e-01]
[  7.54657477e-17  -2.51268739e-16   6.00000000e-01]
[ -1.69263477e-16   2.83738244e-17   6.00000000e-01]
[  3.19307979e-16   1.91180330e-16   6.00000000e-01]
[ -6.58521120e-17  -1.32438118e-16   6.00000000e-01]
[ -1.12271433e-16   1.15592512e-17   6.00000000e-01]
[  4.29631143e-18   5.14088053e-18   6.00000000e-01]
[ 0.   0.   0.6]
[ -6.30177310e-18  -1.25333928e-16   6.00000000e-01]
[ -9.95779137e-17   8.92375963e-17   6.00000000e-01]
[  1.26728051e-16  -1.41487231e-16   6.00000000e-01]
[ -1.81438382e-16  -1.80151637e-16   6.00000000e-01]
[ -2.21944644e-16  -1.75056478e-16   6.00000000e-01]
[  1.98131642e-17   3.64361222e-17   6.00000000e-01]
[ -3.02513447e-16  -1.66187229e-16   6.00000000e-01]
[  1.07179195e-16  -6.53880905e-17   6.00000000e-01]
[ 0.   0.   0.6]
[  7.50524119e-17  -1.83960493e-16   6.00000000e-01]
[  6.21832382e-17  -5.05936996e-18   6.00000000e-01]
[ -1.55643669e-16   1.65279231e-16   6.00000000e-01]
[ 0.   0.   0.6]
[ 0.   0.   0.6]
[ -1.86934567e-16   2.39437848e-16   6.00000000e-01]
[ -8.72646474e-18  -6.00179930e-17   6.00000000e-01]
[  4.22196780e-17   3.96430816e-17   6.00000000e-01]
[ 0.   0.   0.6]
[ 0.   0.   0.6]
[ -1.35322183e-17   1.11512322e-16   6.00000000e-01]
[  3.88107922e-17  -2.19738166e-16   6.00000000e-01]
[ 0.   0.   0.6]
[  8.73579780e-18  -1.09864079e-17   6.00000000e-01]
[  4.44710302e-17  -9.07272079e-17   6.00000000e-01]
[ -9.41335395e-17  -3.72443847e-17   6.00000000e-01]
[ 0.   0.   0.6]
[ -5.02502615e-17  -3.23119525e-16   6.00000000e-01]
[  7.98718436e-17   5.07187720e-17   6.00000000e-01]
[  4.43288629e-17   3.17602954e-16   6.00000000e-01]
[  1.89842785e-16  -2.27982574e-16   6.00000000e-01]
[  2.70436418e-16   6.18108815e-17   6.00000000e-01]
[  2.89998414e-17   3.31871729e-17   6.00000000e-01]
[ -1.96652534e-17  -4.01812205e-17   6.00000000e-01]
[ 0.   0.   0.6]
[  1.62976060e-16  -7.69688757e-17   6.00000000e-01]
[ -1.45094026e-16   9.32902103e-18   6.00000000e-01]
[ -2.61466984e-17  -3.20445690e-17   6.00000000e-01]
[ 0.   0.   0.6]
[  1.57924246e-16  -3.06087738e-17   6.00000000e-01]
[ -1.39419171e-16  -6.11012395e-17   6.00000000e-01]
[  9.66795955e-17   2.29240485e-16   6.00000000e-01]
[  1.39782780e-17  -1.54152761e-17   6.00000000e-01]
[  6.50532698e-18   2.29158947e-17   6.00000000e-01]
[ 0.   0.   0.6]
[ 0.   0.   0.6]
[ -1.56159049e-16  -1.49447500e-17   6.00000000e-01]
[  7.55545860e-17   1.33578903e-16   6.00000000e-01]
[ -8.18843803e-17  -7.86142883e-17   6.00000000e-01]
[  2.66028728e-17   7.83264201e-17   6.00000000e-01]
[  6.89320579e-17  -4.05345239e-17   6.00000000e-01]
[  2.60761399e-17   1.01477995e-16   6.00000000e-01]
[  9.55666932e-17  -1.17173920e-16   6.00000000e-01]
[ 0.   0.   0.6]
[  1.86274127e-16  -4.15945047e-17   6.00000000e-01]
[  1.65415706e-16  -1.66383726e-16   6.00000000e-01]
[ -7.69678357e-17   2.04651035e-16   6.00000000e-01]
[  2.40624396e-17  -9.93393272e-17   6.00000000e-01]
[ -1.03665455e-16   2.03780643e-17   6.00000000e-01]
[ -2.82337152e-16  -5.81968612e-17   6.00000000e-01]
[  6.02339507e-17   8.83102712e-17   6.00000000e-01]
[ 0.   0.   0.6]
[  4.69619722e-17  -1.95275948e-16   6.00000000e-01]
[ -8.66483658e-17  -8.68278643e-17   6.00000000e-01]
[ -2.19578406e-16  -5.97362694e-17   6.00000000e-01]
[ -2.34924027e-16   6.34991012e-17   6.00000000e-01]
[  1.06288073e-16  -8.96207835e-17   6.00000000e-01]
[  4.17631946e-17  -1.32232525e-17   6.00000000e-01]
[  1.41581066e-17   6.28117653e-17   6.00000000e-01]
[ 0.   0.   0.6]
[ 0.   0.   0.6]
[ -2.78558780e-16   1.35685570e-16   6.00000000e-01]
[ 0.   0.   0.6]
[ -1.23816704e-16   1.07191323e-16   6.00000000e-01]
[ -3.93281922e-17   1.25903550e-16   6.00000000e-01]
[ -2.30678857e-16   7.99192629e-17   6.00000000e-01]
[  1.35336653e-16   2.13902559e-16   6.00000000e-01]
[  1.85191105e-17   8.39174702e-18   6.00000000e-01]
[ 0.   0.   0.6]
[  7.52113006e-18   2.11435407e-17   6.00000000e-01]
[ -3.22838944e-17  -1.52675953e-16   6.00000000e-01]
[ -8.33706370e-17  -1.21852695e-16   6.00000000e-01]
[ 0.   0.   0.6]
[  6.14613009e-17  -1.05182401e-17   6.00000000e-01]
[ -3.23302363e-17  -5.67946369e-17   6.00000000e-01]
[  1.47898456e-16   3.81173114e-16   6.00000000e-01]
[ -5.23954246e-17  -2.66226229e-16   6.00000000e-01]
[ -1.12794238e-16   2.39246220e-16   6.00000000e-01]
[ 0.   0.   0.6]
[ -1.14724932e-16   1.38770420e-16   6.00000000e-01]
[ -6.79957762e-17   1.11894039e-16   6.00000000e-01]
[ -2.28428242e-16  -1.23850533e-16   6.00000000e-01]
[  2.12637737e-16  -1.77664986e-16   6.00000000e-01]
[ 0.   0.   0.6]
[ -9.51158169e-17   1.53706558e-16   6.00000000e-01]
[  1.94577084e-17   6.00599079e-17   6.00000000e-01]
[ -3.40573054e-17   3.94502672e-16   6.00000000e-01]
[ -2.28586290e-17   4.17046978e-17   6.00000000e-01]
[  2.17068515e-17  -6.98282899e-17   6.00000000e-01]
[ -2.89378450e-16   2.15548608e-16   6.00000000e-01]
[  7.04757885e-18   2.05261861e-16   6.00000000e-01]
[ -6.51838468e-18   1.12362102e-18   6.00000000e-01]
[ 0.   0.   0.6]
[  7.00264597e-17  -4.94578580e-17   6.00000000e-01]
[  6.39742395e-17  -1.96018858e-16   6.00000000e-01]
[ -6.61522664e-17   5.25971715e-18   6.00000000e-01]
[ 0.   0.   0.6]
[  8.62758411e-17   2.15414566e-16   6.00000000e-01]
[ -9.60722175e-17   7.07448435e-17   6.00000000e-01]
[ -1.06687639e-17   1.12901188e-16   6.00000000e-01]
[  1.65140662e-16   1.38141560e-16   6.00000000e-01]
[  8.22495494e-17  -6.78801817e-17   6.00000000e-01]
[  4.00697391e-16  -3.48838354e-17   6.00000000e-01]
[  1.62033637e-16   6.87618255e-17   6.00000000e-01]
[  5.17147510e-17  -6.84263151e-17   6.00000000e-01]
[ -1.14546071e-16   8.57273479e-17   6.00000000e-01]
[ -1.35865898e-16   1.49994535e-16   6.00000000e-01]
[  6.95561321e-17  -1.57859344e-16   6.00000000e-01]
[ 0.   0.   0.6]
[ -1.38391337e-16  -4.43630153e-16   6.00000000e-01]
[ 0.   0.   0.6]
[ 0.   0.   0.6]
[ -1.39194821e-16   6.26444369e-18   6.00000000e-01]
[ -5.92429389e-17  -7.11194109e-17   6.00000000e-01]
[ 0.   0.   0.6]
[  7.92534644e-17  -1.43031401e-17   6.00000000e-01]
[  8.81741623e-17  -1.39566039e-16   6.00000000e-01]
[  5.65389979e-17  -9.15076729e-17   6.00000000e-01]
[  5.53888990e-17   3.85249560e-18   6.00000000e-01]
[ 0.   0.   0.6]
[ -2.20283036e-16   1.42180403e-16   6.00000000e-01]
[ -4.68515115e-17   6.02975563e-18   6.00000000e-01]
[  1.61966203e-16  -7.44711278e-18   6.00000000e-01]
[  6.00841973e-17  -2.30725911e-16   6.00000000e-01]
[  4.57456741e-16  -7.32190399e-17   6.00000000e-01]
[  5.70488901e-18  -1.16916630e-16   6.00000000e-01]
[ -1.25435902e-16  -2.37598721e-17   6.00000000e-01]
[ 0.   0.   0.6]
[  1.14139874e-16   7.39051760e-17   6.00000000e-01]
[  2.25823303e-16   9.52427235e-17   6.00000000e-01]
[ -9.17619544e-17   8.47875839e-17   6.00000000e-01]
[ 0.   0.   0.6]
[  6.67135478e-17   1.14843263e-17   6.00000000e-01]
[ -3.66448183e-17   6.38115349e-17   6.00000000e-01]
[  1.38234945e-16  -2.37847248e-16   6.00000000e-01]
[  8.17414851e-17   1.06959004e-17   6.00000000e-01]
[  5.01263046e-17  -1.80396157e-16   6.00000000e-01]
[ -8.14683582e-17  -1.01871027e-16   6.00000000e-01]
[ -2.73466225e-17   1.60996345e-17   6.00000000e-01]
[ -2.94010542e-16  -3.34972869e-17   6.00000000e-01]
[ -3.13050564e-17   1.12530835e-17   6.00000000e-01]
[  1.33197848e-17  -1.80244312e-16   6.00000000e-01]
[ -4.92278768e-17  -1.58657069e-18   6.00000000e-01]
[  1.87872673e-16   7.86904144e-17   6.00000000e-01]
[  1.77085681e-16   4.29101058e-17   6.00000000e-01]
[  1.99470732e-17  -1.25781638e-16   6.00000000e-01]
[  1.93649150e-16  -2.14447677e-16   6.00000000e-01]
[ -6.95653189e-17   5.83123011e-17   6.00000000e-01]
[ 0.   0.   0.6]
[  1.58979105e-16  -5.36679657e-17   6.00000000e-01]
[ -7.07236112e-18  -4.03653899e-17   6.00000000e-01]
[  1.29391601e-16   1.96846270e-16   6.00000000e-01]
[ -1.22024815e-16   2.86046985e-16   6.00000000e-01]
[ -4.33787369e-17   8.59929451e-18   6.00000000e-01]
[ -7.75127860e-17   1.87946141e-16   6.00000000e-01]
[  1.35197696e-17   8.43119466e-17   6.00000000e-01]
[  1.06110769e-16  -1.90763673e-16   6.00000000e-01]
[ 0.   0.   0.6]
[ -7.27155787e-17  -6.54206575e-17   6.00000000e-01]
[  6.80948218e-17  -8.06757022e-17   6.00000000e-01]
[  2.30300138e-16  -3.14677696e-16   6.00000000e-01]
[  2.68610465e-17  -9.43380054e-17   6.00000000e-01]
[  4.14937819e-18   7.05301362e-17   6.00000000e-01]
[ -1.51875122e-16   6.42922277e-17   6.00000000e-01]
[ -3.43832311e-17  -4.71213524e-17   6.00000000e-01]
[ -1.28184188e-16  -9.38550637e-17   6.00000000e-01]
[ -8.27620437e-17  -3.97156604e-17   6.00000000e-01]
[  4.67532562e-17   8.26195761e-17   6.00000000e-01]
[ -8.78969011e-18  -2.99924769e-17   6.00000000e-01]
[  2.56871836e-17   1.59973029e-17   6.00000000e-01]
[  3.58929499e-16   9.53351981e-17   6.00000000e-01]
[ -7.30406636e-18  -1.54996802e-17   6.00000000e-01]
[  1.68043655e-17   1.17851911e-16   6.00000000e-01]
[  8.01727264e-17   1.19522724e-16   6.00000000e-01]
[ -2.61758058e-17   2.86400652e-17   6.00000000e-01]
[  1.71202997e-16  -6.89334228e-17   6.00000000e-01]
[  1.10943243e-16   5.15979734e-19   6.00000000e-01]
[ 0.   0.   0.6]
[  7.69535081e-17   2.07000770e-16   6.00000000e-01]
[ -2.76821498e-16  -2.94209209e-16   6.00000000e-01]
[ -1.48565444e-16  -2.16622350e-16   6.00000000e-01]
[ -2.12223025e-16   1.23756522e-16   6.00000000e-01]
[ -2.24904487e-16  -8.00603135e-17   6.00000000e-01]
[  1.59627822e-17   2.28383687e-16   6.00000000e-01]
[  1.34392416e-16   5.60089479e-17   6.00000000e-01]
[  7.08299874e-17   1.67067342e-16   6.00000000e-01]
[ -8.37804336e-17  -1.97149890e-17   6.00000000e-01]
[  9.45531128e-17   1.35172225e-16   6.00000000e-01]
[ -1.87534952e-17  -7.82371569e-17   6.00000000e-01]
[ -4.23773614e-17   2.03497343e-16   6.00000000e-01]
[ -6.92127948e-17   6.44816410e-17   6.00000000e-01]
[ -3.72123427e-17   9.89916081e-17   6.00000000e-01]
[ -3.23942073e-16   3.04947549e-16   6.00000000e-01]
[  7.28810153e-17   2.17915283e-17   6.00000000e-01]
[  9.48828747e-17   8.42171930e-17   6.00000000e-01]
[ -4.82547964e-17  -1.52321839e-17   6.00000000e-01]
[  2.08781314e-16  -9.03013905e-17   6.00000000e-01]
[ -1.88001575e-16   2.48438462e-17   6.00000000e-01]
[ -8.72518213e-17  -1.89754988e-16   6.00000000e-01]
[ -1.52075330e-16  -4.63090894e-16   6.00000000e-01]
[  4.32264531e-18  -1.63262645e-16   6.00000000e-01]
[ -1.94989818e-16   1.84447323e-17   6.00000000e-01]
[ -7.37477362e-17  -1.41691566e-17   6.00000000e-01]
[ -3.35863439e-17  -5.09420294e-16   6.00000000e-01]
[  3.31672374e-17  -5.36346718e-17   6.00000000e-01]
[ -6.76900605e-17  -3.99503141e-17   6.00000000e-01]
[ 0.   0.   0.6]
[ -1.05566488e-16   1.63793173e-16   6.00000000e-01]
[  3.35601187e-17   1.48496498e-16   6.00000000e-01]
[  4.16019082e-16  -2.19222508e-16   6.00000000e-01]
[  1.85836963e-16  -2.92844584e-17   6.00000000e-01]
[  1.33602877e-16  -1.13801969e-18   6.00000000e-01]
[  6.26528677e-17   1.77689056e-16   6.00000000e-01]
[ -2.99454552e-16  -1.22722135e-16   6.00000000e-01]
[  4.88450016e-17   4.75730164e-18   6.00000000e-01]
[ -4.61490732e-17   8.90379378e-17   6.00000000e-01]
[  5.24776727e-17   7.32986671e-17   6.00000000e-01]
[  1.67779610e-18   5.82871200e-17   6.00000000e-01]
[  1.68893629e-16   3.64999590e-16   6.00000000e-01]
[ -1.21507362e-16   1.27832398e-16   6.00000000e-01]
[  1.07929158e-18   2.48850181e-16   6.00000000e-01]
[ -8.89563334e-17  -2.29112191e-17   6.00000000e-01]
[  5.35593792e-17  -6.93558147e-17   6.00000000e-01]
[ -8.19238456e-17   1.41884848e-16   6.00000000e-01]
[ -5.06695510e-17   1.11431130e-17   6.00000000e-01]
[  3.56367200e-16   2.40044909e-16   6.00000000e-01]
[ -1.34500771e-17  -6.80787599e-17   6.00000000e-01]
[ 0.   0.   0.6]
[ -2.43699665e-17   7.21696153e-17   6.00000000e-01]
[ -2.28445433e-16  -1.50038550e-17   6.00000000e-01]
[  1.80341864e-16  -1.63444264e-16   6.00000000e-01]
[ -6.42493324e-17  -1.88411830e-17   6.00000000e-01]
[ -5.16806298e-17   1.50371788e-16   6.00000000e-01]
[ -3.50325931e-17   8.93746289e-17   6.00000000e-01]
[  6.41685742e-17  -1.07991986e-16   6.00000000e-01]
[  4.92682791e-17  -6.17513088e-18   6.00000000e-01]
[ -2.34168782e-16   1.68281675e-17   6.00000000e-01]
[  1.21937676e-17   6.77209587e-17   6.00000000e-01]
[  9.72011984e-17   1.83906501e-16   6.00000000e-01]
[ 0.   0.   0.6]
[  9.08429039e-17  -5.07752928e-18   6.00000000e-01]
[  2.14284433e-17  -9.25254971e-17   6.00000000e-01]
[ -2.25190847e-16   7.22340409e-17   6.00000000e-01]
[  1.59798412e-16  -3.62202804e-16   6.00000000e-01]
[  2.53795455e-16   2.49961303e-16   6.00000000e-01]
[ 0.   0.   0.6]
[ -7.76056473e-17   3.59903334e-17   6.00000000e-01]
[  1.14702748e-16   2.99269644e-17   6.00000000e-01]
[  2.73276202e-18   8.73498248e-17   6.00000000e-01]
[ -5.86353441e-17  -6.44184763e-17   6.00000000e-01]
[  3.28947460e-18  -1.11999167e-17   6.00000000e-01]
[  1.74216763e-16   5.39477361e-18   6.00000000e-01]
[  8.46001728e-18   7.10564657e-18   6.00000000e-01]
[  7.31707419e-17   9.95827345e-17   6.00000000e-01]
[ -1.13458133e-17   1.53017587e-17   6.00000000e-01]
[  2.23624840e-16  -7.06751084e-17   6.00000000e-01]
[  1.20134785e-17   1.02935060e-17   6.00000000e-01]
[ -2.30703431e-16  -2.19818415e-16   6.00000000e-01]
[ -2.56142391e-16  -1.05842998e-16   6.00000000e-01]
[  2.75583297e-16  -1.48870523e-16   6.00000000e-01]
[ 0.   0.   0.6]
[ -1.13955645e-16   8.84779945e-17   6.00000000e-01]
[ 0.   0.   0.6]
[  2.96363434e-17  -5.05447014e-17   6.00000000e-01]
[  3.56792884e-17   1.53883548e-16   6.00000000e-01]
[  4.03369572e-17  -2.78193052e-17   6.00000000e-01]
[ -3.19125926e-18   8.90718451e-18   6.00000000e-01]
[  1.49376265e-16   2.34920354e-16   6.00000000e-01]
[  4.25245210e-17   1.36368376e-16   6.00000000e-01]
[ 0.   0.   0.6]
[  3.82245518e-16   2.54152987e-16   6.00000000e-01]
[  1.07978616e-16   2.69924808e-16   6.00000000e-01]
[ -2.61328603e-16   1.34545312e-16   6.00000000e-01]
[  2.19580512e-17  -5.06938152e-17   6.00000000e-01]
[ -7.42300637e-17  -1.75013213e-16   6.00000000e-01]
[ 0.   0.   0.6]
[  5.29769611e-17  -8.91449930e-17   6.00000000e-01]
[ -3.95599609e-17   5.64158197e-17   6.00000000e-01]
[ -6.92585432e-17   6.15358402e-17   6.00000000e-01]
[ -1.53985796e-16  -1.21820491e-16   6.00000000e-01]
[ 0.   0.   0.6]
[  5.01716807e-17  -2.21426944e-18   6.00000000e-01]
[ -9.51125762e-17  -1.64971619e-16   6.00000000e-01]
[ -1.49978261e-16  -1.56963689e-16   6.00000000e-01]
[ -2.67221900e-17  -1.14300228e-17   6.00000000e-01]
[ -3.91674839e-17   4.50128731e-17   6.00000000e-01]
[  4.02731000e-17  -2.08834003e-17   6.00000000e-01]
[ -2.55552190e-17  -1.46628508e-18   6.00000000e-01]
[  1.40536455e-16  -8.47375260e-17   6.00000000e-01]
[  2.09374963e-16   9.27519984e-17   6.00000000e-01]
[ -5.08204677e-17  -2.65746674e-17   6.00000000e-01]
[ -3.01769668e-16  -6.15848599e-17   6.00000000e-01]
[  2.84191225e-17   1.23379006e-16   6.00000000e-01]
[  5.25048875e-17  -4.10532199e-17   6.00000000e-01]
[  1.32432230e-16   4.21778508e-17   6.00000000e-01]
[  9.52251437e-18   1.94031534e-16   6.00000000e-01]
[  2.44362276e-17   9.18958912e-18   6.00000000e-01]
[  1.34872357e-16  -8.49984332e-17   6.00000000e-01]
[ -1.76854228e-17  -2.04923455e-18   6.00000000e-01]
[  2.16182683e-16  -4.17863786e-17   6.00000000e-01]
[ -1.54808029e-16  -4.00141775e-17   6.00000000e-01]
[  1.14489327e-16   1.91908452e-17   6.00000000e-01]
[ -4.18440261e-16   8.03756420e-17   6.00000000e-01]
[ -4.80232725e-17   4.46725008e-17   6.00000000e-01]
[ -5.57696201e-18  -1.04660225e-17   6.00000000e-01]
[ -5.62819986e-17  -3.45065697e-17   6.00000000e-01]
[ -1.33383996e-16   7.17363757e-17   6.00000000e-01]
[ -1.23575391e-17  -2.15803903e-17   6.00000000e-01]
[  1.73671884e-16  -2.40136598e-16   6.00000000e-01]
[ -5.24810002e-17   7.83662071e-17   6.00000000e-01]
[  5.69016899e-17  -4.77352837e-17   6.00000000e-01]
