[-0.51180868 -2.52582177 -1.39952357 -0.10184352  3.02487278 -1.76895956]
[ 0.87878277 -1.75579621 -2.68062888  2.86322297  1.08528737 -1.89808201]
[-1.52458846 -2.63865446  2.05367556  1.78112417  1.50423846  0.73973992]
[-0.8467526  -2.30790573  1.41264971  1.43478098 -0.10991757 -2.14833207]
[-0.75556836 -1.18290156 -2.48011062 -1.97990568  2.29923776  3.05800683]
[ 0.4128432  -0.26280709 -0.08001791 -1.95196428  2.19230496 -1.81366305]
[ 1.65003845 -2.8672972   1.83106832 -0.17378427  0.69672355 -3.08022914]
[-2.55694638 -3.12826181 -3.11106635  1.17717327  0.7993483   1.11012096]
[ 2.35170265 -0.22457292 -0.34558535 -3.0903481   2.82557563 -0.45903223]
[ 0.52331465 -3.03047791 -2.20696499  2.56384652  1.62311435  1.89120026]
[ 2.37340995 -0.52480633 -2.18825803  0.23453147 -3.02969003  0.14839062]
[ 1.74820994 -0.20284226 -3.00793991  1.21994814  1.40592142 -0.99802645]
[ 2.27347884 -0.72831482  1.94847008 -2.75629035 -1.18690771  1.42264276]
[-0.05275685 -0.55848855  2.02506414 -2.30886198  2.49893751 -2.99216705]
[ 0.24177526 -2.60515949 -2.55830307  1.53922319 -0.55839684  0.11705609]
[ 2.93471119 -0.56253818 -2.34419128  2.58003733  1.54522583  0.65782629]
[-1.74541577 -1.69413213  0.47525412 -2.64808832  0.18853526 -2.72630337]
[-1.47355591 -0.794373   -3.04613881  0.88044363 -1.25056215  2.95644834]
[ 2.39129535 -1.3046904  -2.31038506 -1.48315561  2.5586009  -1.13471406]
[-0.39769996 -1.89475217 -1.28194172 -2.38062539 -2.75793695 -3.12033891]
[-0.70599685 -2.5066658   1.31005183 -2.51987496 -0.90063453 -2.04262228]
[ 0.56480667 -2.77742468 -1.7808523  -1.99427755 -1.08908263 -1.6566213 ]
[ 1.43451224 -1.73319566 -2.25694353 -0.86251359 -1.77895422 -1.3371839 ]
[-0.35128941 -2.01065987 -2.65693127  3.12424232 -0.19158597 -1.9502673 ]
[ 1.04733834 -0.31926317  0.11394508  0.50386845 -0.35159898 -2.46793199]
[ 1.67535555 -1.84307925  0.43625972  0.71871548 -0.97343566  2.95725869]
[ 0.36676632 -3.10838836  1.89308217 -0.12895057  1.62920923 -1.77177011]
[ 1.95276872 -0.75432905  2.776897   -1.78640678 -1.80225842  1.4251145 ]
[ 1.10325026 -0.86284529 -3.0676526   0.64039731  1.62378814 -2.37584995]
[ 1.70810118 -0.67016654  2.85678581  2.6135396  -1.3536661   1.34182726]
[-1.26953178 -1.95587843 -1.86087532 -1.53553576  2.70693732  1.47368695]
[-3.00982164 -2.89435121  1.30433108  0.59175343 -0.72548765  0.56381763]
[ 2.4657084  -1.90331753 -2.60777958 -2.75814666  0.7736642   2.58156139]
[-3.12963641 -2.2397464  -3.11768895  0.73461838  2.89551083 -1.76891562]
[-1.04214967 -0.17873554 -3.06002086  2.00181767  1.25975251  2.5551065 ]
[-1.34198369 -2.26918254  1.44515011 -1.53206194 -0.54463625  2.57975143]
[-0.91556322 -2.89081344  0.82190551  2.56259798  0.67130753  2.67644899]
[ 2.82014386 -1.63520272  2.14137547  1.41257949 -0.14701452 -0.00406157]
[ 2.49290162 -3.05094369  0.71840001  2.05257402  2.40797857  0.61738718]
[-0.75155615 -0.10643477 -1.70338613 -0.67254964  1.88602359 -0.92192973]
[ 0.36657457 -0.05356247 -1.47036079 -2.74270007 -0.35399404 -1.44625518]
[ 0.07540697 -1.72143824 -1.32597228 -0.2693971   2.00584057 -2.78246511]
[-2.95179487 -1.9557938  -2.34145728  1.4202877  -1.78514064 -0.72663115]
[-1.07623797 -3.00587438 -3.0331982   0.32521735  1.56497473  0.09751559]
[-0.73214294 -0.31679639  1.84451228 -2.08272058  0.9240738   1.15395512]
[-1.27018894 -2.66690271  2.57931387  1.17427996  1.46676559  2.28138547]
[-0.27517628 -1.99085798 -2.7182781  -0.89113259 -2.9687724   1.3049903 ]
[ 1.37767457 -2.00046222 -1.7174047  -0.46653954  2.30724229 -2.23730378]
[-0.49363264 -2.62429021 -0.30884717  0.27147456 -1.52088573 -1.3495203 ]
[ 1.11192293 -3.11849796 -0.69576329 -2.05307199  2.2618308   1.36640903]
[ 1.04879417 -0.51943182  0.90993007  0.18979001 -1.67535535 -0.63932449]
[-1.95230452 -1.11044799 -0.76050693  1.35615766  2.25115932 -0.06023026]
[-0.46560676 -0.00562876  0.02580096  1.0115052   2.89302838 -1.30817477]
[ 1.90652254 -2.5045774  -0.30274077  2.56630559  2.64433556  0.38251592]
[-2.05008297 -2.66854035  1.08084906  2.86065815  1.59715623 -1.14347076]
[ 1.59274168 -1.23783475 -2.4504077   2.0455537  -2.07051512  2.14963108]
[-3.12645812 -1.7002092  -0.94940037  3.04650889  1.83352962  1.53526187]
[ 2.28453751 -1.3780535  -2.47366498 -1.5257903  -0.69523489 -1.66016362]
[ 0.98562138 -0.65527562 -1.57858238  0.63293711  1.26801768 -0.38585238]
[-1.41411268 -0.18865426  1.29161538  0.52938959 -0.51110853  0.04525645]
[-0.53539053 -0.1268934  -1.64642735 -3.00655261 -2.22530597 -1.30407056]
[-0.18213235 -1.79139821  0.45074905 -0.96862857  1.22007994  2.12692086]
[ 0.99463015 -0.86355266 -2.30134348 -2.6507407  -2.28007755  2.2551648 ]
[-2.96683666 -1.87603521 -2.34217034  3.13614287 -0.0415987   2.4456507 ]
[ 1.75716507 -1.3179678   0.18584778 -0.69693095  2.61380958  0.35873934]
[-1.52797919 -0.54836093  2.98344516 -0.45711139  0.60561086 -0.37487078]
[ 0.55793519 -1.21965793 -0.03421857 -1.1892275   2.57129846  3.09202915]
[ 1.70349563 -2.40646236  1.8745659   0.95491299  0.13002483 -0.29418657]
[-1.06469269 -2.27835595  2.46839471  1.82946239 -3.06647213  0.73551753]
[ 2.75718424 -0.15324083  1.6007242  -2.36466238 -1.53862649 -0.84960459]
[-1.49246785 -1.80866276  0.36731668 -0.45566578 -1.83402346  1.23980307]
[-2.7738682  -1.45911956 -2.52557764 -2.93495757 -1.14212889 -2.15610822]
[ 1.57718453 -2.63396258 -2.22442838 -2.51342777  0.53372167 -1.05432496]
[-1.60905913 -1.46060858  2.1804193  -2.6412301  -1.96599267  2.42050076]
[ 2.09019837 -1.74262281 -2.53487228  1.29049087  2.9551107  -1.69126278]
[-1.24753322 -0.16674329  2.19465239 -0.34092594  0.86163241  0.60617035]
[-2.55618822 -2.71296768 -0.31178374  1.18648394 -0.59139906 -1.004472  ]
[ 0.30330487 -2.33322138 -0.09960235  1.10276586 -0.84181035  2.66173111]
[-2.56909312 -2.45832459  0.68558797 -1.40008348  0.80476591 -2.43866518]
[-0.11393816 -1.23699162  1.70352993 -1.31822426  1.03633955  0.50510922]
[-1.85791054 -2.64091046  3.12566754 -1.02004381 -0.98442853 -0.4014592 ]
[ 3.10360122 -0.2154888   0.1669365   2.63808709 -1.10246825 -0.40593161]
[ 1.67048842 -2.74567028  0.07578422  0.29211889 -1.73707867 -0.46344195]
[ 0.93795398 -1.80750144 -1.13636095  2.6841865  -0.43843127 -1.48494076]
[-0.96793908 -2.45829134  0.31448414 -2.06993906 -0.67025749 -1.33510654]
[-2.31380208 -0.67912911 -1.72725602  0.13182326  2.67814067  3.04310476]
[-1.85372638 -0.6297634   0.01938215  2.44912208 -2.51260128  1.99352457]
[ 1.71608993 -2.7830649  -2.94770686  1.5164762  -2.03509669  1.93789051]
[-2.64024043 -2.55727075  1.17342094 -1.47965672  2.27196486 -0.57433937]
[-0.33226111 -2.84693075  0.97519168 -1.852175   -0.62563168 -3.11525907]
[ 2.90056112 -0.42211483 -2.5479649  -2.21762155  0.50161859  0.39018733]
[ 0.52765123 -1.42326637  2.97444473 -1.16707679 -0.95962745  3.0603993 ]
[-2.10617049 -0.96154605  2.2865331  -2.27148183  2.73640508  1.58242803]
[ 2.44806655 -0.72898585 -1.68343533 -0.05793998  3.09886053  3.13133923]
[ 1.64671443 -0.80819761  2.86525898 -0.58033941  1.19364742  0.83245175]
[-1.46995311 -1.32319627  0.92168312  1.80638759 -1.98454584  2.69340513]
[-2.84606593 -2.8475089  -1.81171001 -1.20954148  2.46137672 -1.06309912]
[-0.74028891 -2.35409657 -0.27734411 -1.16679407  2.22236275  2.56444114]
[-1.72001867 -2.56492834 -1.17298216 -1.60301087  0.57356767  1.44031383]
[-2.49251121 -0.58411101  1.55841516 -1.8466857   0.48930338  1.03705065]
[-2.38657035 -2.05650994 -1.76273374 -3.12278129  0.20789846 -1.71145823]
[ 2.21208239 -2.66380646 -2.84795149  0.35076991 -1.0840088  -0.89871045]
[ 0.69876559 -0.36171398 -2.66448624 -0.28692558  0.96764681 -1.54202036]
[-3.09340464 -0.89816812 -1.81035064  0.28362684  2.52710457 -1.37491391]
[-1.61998256 -3.0905084  -1.43677875  0.9378507   2.55300911 -2.57492036]
[ 0.07848036 -0.94395133  0.26772239 -2.9439938   1.34822422  1.847643  ]
[ 1.2836542  -0.98252557 -0.70780236 -0.03749728  2.79725661  1.65919787]
[-1.31846106 -2.498373   -2.16231062  2.61300485  1.88924464 -0.22434269]
[ 1.86656772 -0.00705884  2.5629087  -1.95692529 -3.11038948 -1.86644574]
[-0.2962317  -0.10943243 -1.18302131  1.6515864   0.19981721  1.49791164]
[-2.75280674 -0.8513022   0.16666894  1.33540178 -0.69554489  0.63920423]
[ 2.45248077 -0.12001235 -1.75144473  2.18996976 -2.84159199  0.49895954]
[ 1.93183139 -1.55956802 -1.29034788  2.15843425 -0.97340385 -2.90100771]
[-0.18648235 -2.00363872  0.17572724  0.47463676 -2.32416322 -1.57464458]
[ 0.77909905 -0.73145681 -0.7273958  -1.29173969 -1.6959858  -1.51623409]
[ 1.97303914 -1.74116132  2.48033369 -0.08046635  2.08480258  0.65463557]
[ 0.88462788 -0.82210135 -1.32775557 -2.16101668 -0.13415944  2.63415639]
[-1.76264143 -1.75142308  0.3520404  -0.67179496  1.38929781  2.68099088]
[-0.5690266  -2.12917909  2.86650944 -2.73213012  0.7405185  -0.8637095 ]
[-2.94261675 -2.51250354  0.26308214 -1.93599521  0.82853625  2.00205447]
[ 1.16858059 -2.81346148 -1.21724082  2.81192953  0.07729283 -2.92349752]
[-2.53379298 -1.8639896  -0.61566432  2.44276584  0.05020595  2.6222667 ]
[ 1.30624014 -0.84642566 -1.02105477 -3.06158362  1.86975924  1.09684561]
[-1.6662599  -0.20179795 -0.07848552 -1.31145705 -0.24670217  2.92032352]
[-1.9326823  -0.61765119  2.9597035  -0.69183352 -0.67305075 -1.02943546]
[-2.22469338 -2.48714633 -0.3136303   0.35044665 -2.12980052 -0.32727554]
[ 2.15916976 -2.45175557 -0.92135044  2.96842359 -1.19606449 -2.64558861]
[-0.32990648 -3.00887634  0.82828919  0.27857037  2.82060524  2.58500771]
[ 0.02040824 -2.71629103 -0.81782396  1.80278602 -2.34376949  1.30479077]
[-2.36908381 -2.55456405  1.64474115  1.1446274  -0.36034604 -1.89578585]
[ 2.6334437  -2.64313872  2.71464782 -2.36055842 -0.80935453  3.11985676]
[ 2.33295207 -0.09941982 -0.38014642 -0.81558865 -0.86844764  1.40278992]
[ 0.44472583 -0.67293108  0.11346074  2.44179874  2.93590614 -2.97261272]
[ 1.6538152  -2.45666582  0.08984589  2.38347839 -1.91641725 -2.0760847 ]
[ 0.16731562 -2.34674671 -2.28954653  0.80485286 -1.93821635  2.51695867]
[-0.54981393 -1.5047695  -0.33361779  0.55420504 -2.31861494 -0.82617081]
[ 0.63347909 -0.26998716 -2.04503472 -1.36547386  2.31898198  3.02810087]
[-0.6786011  -2.02665574  1.70479994  1.59849493  0.40817673  0.40404588]
[ 0.13412725 -1.5994773   0.93480108  1.65206045 -0.56994258 -1.03138064]
[-2.59573791 -1.53847783  2.83328692  1.58500342 -2.38846327  2.99256213]
[-2.78948795 -2.12289956 -2.387581    0.16466794 -0.44454774  2.6749384 ]
[-2.04829635 -1.31733434  2.81877834  2.3367154   2.36854707  1.22483096]
[ 1.18682149 -0.82318567  2.44554291 -1.28986805 -0.37018509 -1.34472101]
[ 1.7901354  -2.56252006 -2.75400378  0.2863899  -0.77229853  1.00134069]
[ 2.9585428  -1.9448225  -1.78118309 -2.06599542  0.83428007 -2.89341079]
[ 0.17359929 -2.56930027 -3.08720104  0.86961414 -2.42786443  2.3475523 ]
[ 1.33668002 -0.69437542 -1.52631648  0.31770932 -1.17968994  0.17722199]
[-2.239833   -1.69687336 -1.08345799 -2.24101996 -1.64884217  0.52981663]
[-2.72552948 -0.72292468  0.80235624 -1.90523695 -2.52160183 -0.53388128]
[ 0.86111113 -1.19403395  2.81333253 -1.65313509  0.69424152 -1.23482578]
[-2.68708249 -2.43613631  0.58568008  0.98313216 -1.25883145 -1.50974563]
[ 0.13112982 -1.78500222 -0.31547241 -1.63870982 -1.16476845 -1.16125245]
[ 1.52670352 -2.07559955  1.85194078 -2.89587182  0.80802926 -2.66997382]
[-1.91203763 -0.02759599  1.6975984  -1.62401343  3.07140004  0.55274534]
[-1.21991476 -1.75001212 -2.32709727  0.15125533 -2.72265649  2.04618609]
[ 0.73363487 -1.57463768 -2.24719512 -1.55168168 -2.35873031 -3.1038209 ]
[ 2.61297469 -0.68437466  2.74241567 -2.4511261   2.93010907  1.64281058]
[-2.65019887 -0.67547893  2.94151808  0.69359247 -2.25713261 -1.81375557]
[-0.25086906 -0.24085032  2.31014745 -1.41359461 -1.29422854 -2.66184207]
[ 2.28639404 -1.22833478 -1.30923918  0.68788931  1.91975651 -0.66254787]
[ 2.28133005 -3.05922783 -2.68472611  0.05664666 -1.07675117 -2.49599528]
[-2.77478362 -0.83437821  3.03997535 -1.59574493  2.93014431  3.03051904]
[ 0.9662453  -1.70611518  2.81198938  1.31599623  1.35133202 -2.18189011]
[-1.75815977 -0.53352923  2.78602796 -3.06507925  2.92576073 -0.16822721]
[-0.67242801 -0.91926161  3.02734308 -1.63309738  1.72985718 -0.96870743]
[-1.33134071 -2.7158578   1.95933667  1.99057092  0.57563874  0.35613661]
[-0.8936597  -0.84245628 -0.10825647 -1.32921288  2.16182436  2.13033986]
[ 0.61743504 -2.50436545 -2.49359727 -1.25896025 -1.0425182   1.2015081 ]
[-0.81194027 -2.82748763 -2.84400622 -2.07637308 -2.59185181 -0.16624295]
[-0.43407546 -1.03874367  2.50966697 -0.80964849 -2.5534034   2.0040241 ]
[-1.67374598 -0.88889586 -2.78455112 -1.87203304 -1.43991342  2.03308387]
[-2.42345355 -0.96840954 -2.64665937 -2.14132742  2.42211476 -1.7246629 ]
[-1.60616339 -1.0484708  -0.65600662  0.18988377  2.2215751  -2.18872792]
[-2.14721529 -2.75916242 -1.79499994  0.3351741   0.50325346 -1.52498272]
[ 1.04051891 -0.87417287 -2.59528385  2.39273247 -0.98113083 -1.0892027 ]
[-3.00930423 -0.37280359 -1.10066121 -2.47291447  0.37039564 -2.79824073]
[-2.35482296 -1.37260005  0.44115309  1.32026036  0.22190173  2.11200554]
[ 0.09687176 -0.27992918  0.66993617  1.26423224  1.42111431 -1.18279842]
[-0.66672686 -0.42434731 -1.7144265   2.83791378 -0.2959224   0.71603028]
[-2.35056185 -1.82702892 -2.79106701  2.00702395  0.65882591 -1.33445992]
[ 2.391892   -0.85127231 -1.29172884  1.71645769 -2.12971415 -2.20978008]
[ 0.09701108 -2.1757035   1.55051784 -0.6374283  -2.36341183 -3.04454116]
[-1.86094187 -2.7241494   2.77174626  2.15902125 -2.51388932  2.90920338]
[ 0.06787845 -3.11489294 -0.85793199  0.63697953  1.32531684  2.96219802]
[-1.92281824 -2.26243959 -2.26801925  0.98843306  0.28386933 -1.38037106]
[-2.0228569  -2.48515009  0.77006164  0.60207868  2.98924898  0.54170768]
[-1.63309729 -1.17215256  1.1106607   1.16964472  1.01633355  0.55207034]
[ 1.08525113 -0.0677427  -0.72194801  1.7025415   0.49870198 -0.84141234]
[ 1.85306914 -1.85648018 -0.08758716 -2.6085463   0.20321844 -1.98457413]
[ 2.45214597 -1.35514609  2.86226695  1.52783662  0.77308078 -1.39187983]
[ 0.20531827 -2.49483078  2.2031672   0.92472386  2.62789357 -2.17148407]
[ 1.65467559 -0.71566866 -0.13586833 -0.68465381  1.18673395  3.0073411 ]
[-3.09549356 -1.18019752  0.98632984  0.53088748 -0.0298826   3.13541266]
[ 0.46853995 -3.02047461 -3.13994008  0.82444637 -0.79997182 -2.89809741]
[-2.68331672 -2.9932879  -2.61040104  1.43542443  2.92124784  2.31929315]
[-1.6210487  -0.05303637  1.35203691 -1.35804582  3.01922222  2.94755465]
[ 0.18564202 -2.37635027  1.07038494 -1.52439935 -1.56832044 -0.61288468]
[-1.6572731  -0.58604018 -0.10871513 -0.7748029  -2.98301828 -1.54545062]
[-1.70773046 -0.41863502  2.15722771  2.20452589 -2.44154637  0.49090554]
[-0.640135   -1.06639482  0.65185818  0.41190133  2.72834905  2.42359198]
[ 2.04695207 -0.94995447 -0.93596352  0.97821644 -0.88423196  1.72963566]
[-0.33911618 -0.84606828  0.89285883  2.21039259 -1.91831637  1.80325854]
[-1.77914794 -0.94743843 -1.9968597   1.69932228  1.87909791  0.28328167]
[-2.24831532 -2.47713322  1.33641009  0.39034199 -2.89179311 -1.40011718]
[ 0.62071182 -1.38148705  0.40259262 -1.13277102 -2.23731566  1.19950176]
[-2.0895807  -1.61903396  1.62490555  2.68172876 -2.84457453 -0.35707056]
[ 2.75174354 -1.25835602 -0.37797245  2.45748372 -3.07178805 -0.77894699]
[ 1.48226399 -1.55526155  0.4760386  -1.69114629  1.67044543 -3.13903509]
[ 2.88055324 -1.63772341  1.07622779 -3.10962226 -0.94174345  2.34595865]
[-2.23357422 -0.52571109  0.71036941 -0.57435531 -1.17372045  1.24520995]
[-0.17749055 -0.35999785  2.92536564  1.9821987  -2.15359661 -1.97868059]
[-2.78168014 -1.75476761 -0.31565651  0.85619287 -0.0167756   2.51660011]
[-3.10508805 -0.4780765   3.09822848  1.04678034  0.44200317  1.27940058]
[-1.52038029 -0.40810823 -2.25246974  1.05370079  1.61333675  1.13053167]
[ 2.32142813 -3.13494649 -0.92375412 -0.9395439   2.93645504 -2.53702377]
[-2.37067937 -0.84029449 -2.74056792  2.87818386  0.7179185   3.12181495]
[-2.29836402 -2.54735013 -0.26343649  0.39312946  2.42376141  0.99999358]
[-2.64590513 -2.16874342  2.36618517  3.09133305 -0.51202178  1.23372202]
[-2.34581086 -0.49354871 -1.82815924 -1.47955323  0.38811772  0.52294155]
[-0.56892032 -2.98185728  3.05195034 -0.35316954  3.0497547  -2.31601   ]
[ 2.7230572  -2.54683442 -1.81812643  0.05288567 -0.60659263 -0.23450282]
[ 1.85349191 -1.0826604  -1.06807938 -0.98518031 -0.86273282 -2.94978557]
[-0.24894513 -2.4194706  -0.21311072  3.13328781 -0.05181132  2.8393354 ]
[ 2.26955399 -1.25985305 -2.26602331  0.5631278   0.31327279  1.56894616]
[-1.70467418 -2.98392616  2.02529983 -1.30869711  1.52316436 -1.83158668]
[-0.06827802 -1.03259764  1.48196622  2.21439049 -1.73539066  2.93178151]
[-2.8109726  -0.06643947 -0.68905404  0.58184238  0.21256662  2.08111296]
[ 0.96536906 -2.18707013  1.78578723 -0.69191311 -0.62078732  0.18967158]
[-2.66378215 -2.60458865 -1.39746679 -2.80807108 -0.04459517  0.22832366]
[-0.82107577 -2.43656452  0.6044433   0.39725422  1.43308722  1.93487915]
[-0.79837658 -2.45138954 -1.95084638 -2.90650872  0.37911985  2.4042048 ]
[-2.22086549 -1.19809989 -0.26743618  1.79996262  1.27244796 -2.79264691]
[ 1.0794089  -0.10132107  1.7983559   3.08948885  0.29321493  2.16725368]
[-1.15307177 -0.4212515  -2.20716054  3.03377756 -2.54034445 -1.11201439]
[-0.96948158 -1.5513991   1.89597839  0.11312897 -0.95357621  0.66091942]
[-1.32161555 -2.75423962  1.89723117  0.0654099  -2.24770284 -1.61621757]
[ -4.25691258e-01  -1.97152495e+00   2.79522315e+00   2.30643338e+00  -1.73380112e+00   6.62620389e-04]
[-1.91292546 -2.18818197 -1.53428039  1.00334737  1.12303579 -2.61493825]
[ 0.74269266 -0.86705718 -1.99244892 -0.65729881 -2.59141455  2.91526541]
[-1.61281044 -1.41744765  2.4594797  -0.00568638  3.09512968 -1.21638043]
[-1.33017335 -1.37795703 -1.60383107  1.58575613 -2.75435     2.50869782]
[-0.47169869 -0.37496471  2.699337    1.37680574  1.66615453  2.7109831 ]
[  9.53304690e-01  -4.87034157e-01  -2.90675900e+00   1.98386694e+00  -6.52494128e-01   2.10851730e-03]
[ 2.51275103 -2.86400397  1.68092308  1.20799637  3.00180548  0.20271573]
[-2.99061944 -1.75237627  0.57061024 -1.23828108 -1.95245363 -2.45233742]
[ 2.10653773 -1.20666555  1.50358214 -2.19125751  0.74643462  1.59363407]
[ 1.51881536 -0.30688337  2.52599225  0.75570445 -1.70169511 -0.7455975 ]
[ 2.1796328  -1.18300589  2.21992273 -2.64985028 -0.90410124  2.53485861]
[-2.91799532 -3.08727179 -1.78205299  2.52642013  0.4571132  -2.55271516]
[-2.75063207 -0.86633965  0.14924737 -2.54355391  0.40447226 -2.75276218]
[-3.03094511 -0.76728697  1.02493682  1.63845159  1.32187314  1.85666128]
[ 0.61632563 -3.09927559 -0.4507227  -0.40029942  2.35415168 -2.70430084]
[ 2.17242592 -2.87359031 -1.76609915 -2.80567028  3.01480268 -0.90866793]
[ 2.81133644 -1.8483366  -0.0500542  -1.16914649 -2.44287503  2.35891771]
[ 2.10372778 -1.77909928 -1.36710288  2.10164238 -0.93072252  1.9844674 ]
[ 2.51512681 -2.35727792 -1.96873382  1.35692704  1.46555724  0.72645027]
[ 0.6903834  -2.55740914 -1.29783994  2.12161875  0.91876341  2.80095516]
[-3.10365873 -1.90218845 -0.96664797 -1.67648004 -1.11972265  0.32757116]
[ 2.56170684 -2.60615746  2.84662001  0.05569834  2.23916177 -0.90897363]
[-1.56930636 -2.96165014  0.20931756 -0.84996251 -1.58936784  2.34848856]
[-2.93798838 -0.34928477  3.01062189  0.66172965  3.05453781  0.10690372]
[-0.73935048 -1.20147991  1.29887178 -2.64603699 -0.85478824  1.93557382]
[-0.63677671 -1.17956574  0.4835226   1.1243671  -1.67410777 -2.5529806 ]
[-1.68286828 -2.19591915 -3.11388799 -2.4555971   1.4793142  -0.58412506]
[-0.78870652 -1.39652283 -0.94071082 -1.8830439   0.39812545 -1.67716431]
[ 2.67625157 -1.41805134 -0.98573429  0.51940558 -2.39857888 -1.58853062]
[ 0.86642431 -1.70850417  2.02165881 -1.19110133 -1.3376098  -3.06917967]
[ 2.2465606  -1.04743035 -0.95669332 -2.40453167  2.84108473 -2.65417913]
[ 2.66366774 -1.67440845  0.91380373 -2.30469564 -2.82795645  2.57928307]
[ 0.81779758 -1.73441449 -1.02896464 -2.04456034 -0.41622829 -1.25564142]
[ 1.75739333 -2.02338936  2.46604366 -2.65480172  2.84701959 -0.07170768]
[ 1.65993491 -2.77006832 -0.61033987  1.65430269 -1.21717133 -1.10892497]
[ 1.59078774 -0.7184465   1.85437565  1.57813997 -2.71784206 -1.13223705]
[ 1.72244708 -0.48468837 -2.74083723  1.69849845 -1.83295313 -1.35376044]
[-0.45019005 -1.10655211 -2.98555004  2.49123453 -3.10218472 -0.82998634]
[ 1.5212643  -0.67230724 -1.1276839   1.56683264 -0.98256826 -1.68796655]
[ 2.11422589 -2.12763091 -3.09844804 -1.64832429 -1.85811631 -2.88098474]
[ 2.30391845 -2.1681428   2.56779958 -0.73634848 -3.0173686   3.10172406]
[ 1.5388911  -0.01260751 -1.01852782 -1.64064581 -2.23493066 -3.10971839]
[-0.45362155 -2.77150469  1.89807056  2.99266421  2.58590767  2.38778534]
[ 2.53273269 -2.13089802  0.43873795  2.19426149 -0.94130152  1.15752029]
[-2.03760312 -1.20271045  0.70115121  2.94447013  0.03261577 -0.9609285 ]
[ 2.51383107 -0.58038412 -2.89884903  2.94047731  2.54140776 -2.75595956]
[-1.15645793 -1.76574149 -2.11285017  2.02302387 -0.48302617  1.85702289]
[ 0.16139737 -1.16813637  2.32857751  1.1680722  -2.17020962  0.86157275]
[ 0.46849705 -0.60267451  1.27334857  1.33359747 -2.20306308  1.11933393]
[ 0.05246187 -0.03281619  1.89904701  0.27853756 -2.43528672  1.51073999]
[ 2.02273571 -1.82482041 -0.54317717 -0.02468001 -2.44148352 -2.11558277]
[ 1.14348469 -1.78785543  2.57110457 -0.42447    -0.8519239  -0.13321155]
[-0.08866563 -2.02681093 -1.67959164  1.24469764  1.73661283 -0.96115368]
[-1.52036119 -2.70711263 -0.2499901   2.63380219  1.39750033  1.39122375]
[-0.66976152 -2.60955404 -2.86352917 -1.70420342  0.05856257  1.48558506]
[ 1.59201909 -3.09057963 -1.57146296 -3.09097227  0.24865048 -0.44535384]
[ 1.22835028 -3.0947203   0.24100662  1.30091356  1.16095346 -3.03673933]
[ 2.89594527 -2.69605029 -1.17884273  1.6540266   1.58139039 -1.2664892 ]
[ 0.07527997 -1.34824146  1.08176121 -2.99883279 -0.83059788  2.84730594]
[-1.30783914 -1.79515682  0.60074804 -2.18897294 -1.92373232 -2.89987677]
[ 0.94624151 -1.04632902  1.08905444  2.82173265  3.04427428  0.39622623]
[ 2.56281585 -1.96285382 -1.34796804  1.26361824 -3.03912909 -2.67375042]
[ 0.43332945 -2.75560096 -0.71625257  2.52148699 -1.58257048 -0.79625685]
[ 2.15380488 -3.02816762  1.19943461 -0.31306851  2.29753927 -0.61931561]
[-2.48103737 -0.0084154  -1.35241191  0.25251957  0.1479772   2.06617085]
[ 1.45123847 -2.62717295 -2.91803635 -0.24632998 -2.84791617  1.0548432 ]
[ 1.84405095 -1.47497225 -2.5489306  -0.17414359  1.61779938 -0.95475934]
[ 2.76715724 -0.17204327 -1.42308905 -2.22836728 -2.84052872 -1.36382517]
[ 2.29974153 -3.10683689 -2.51766744 -0.00718848  1.60453902 -1.96655673]
[ 1.36631629 -1.55328103  2.57502736  2.2471631  -1.82897393  0.80370425]
[-0.0703249  -0.83295454  1.49036932 -1.6547401  -2.44707103  2.3853977 ]
[-2.23462064 -2.92171962 -2.21668551 -1.5500446   0.06719234  0.46937239]
[-1.07728273 -2.0809836   2.01395608 -1.79464236 -2.43629779 -3.02636205]
[-0.63501119 -2.95662424 -2.0373625  -2.10878094 -0.06182688  2.75713619]
[ 0.86236589 -0.70025517  1.94269111 -0.72848831 -2.60504893 -1.97142744]
[-1.70768934 -2.61628498  1.8853061   2.14665684 -0.24035942  1.22075638]
[ 0.7862622  -2.53092242  0.50835134  2.65865764  2.41512154  0.98024456]
[-1.31701918 -0.83686557 -3.05169293 -2.98154024 -2.19777559 -2.09622368]
[ 1.17664335 -0.3147304   2.88323546  1.32498793  2.73037956  0.99007958]
[-0.08892842 -3.02105899  2.25074451  0.56197268 -2.76926555  1.49406777]
[-1.07980925 -2.6428536  -0.34130186 -2.79528365 -2.05535878  2.09195051]
[-3.02290284 -3.01199992 -1.33131084  2.76948142 -0.87334714  2.30731663]
[-0.82876429 -1.10316012 -2.88021688  1.78234175  0.47149667  2.30438789]
[-0.2210986  -0.34784083 -2.49549616  3.01996977  2.02217069 -2.92362275]
[ 1.02850789 -1.93369227  1.7370293  -1.33440121 -3.03304842  0.92366065]
[ 1.68043827 -0.37081158 -3.06209203 -0.40627739 -2.86608771 -2.61476742]
[-1.49757386 -2.32204437  1.27961409  1.0599868  -1.16399608  2.66928832]
[ 0.63167321 -1.42379402 -1.04505026 -1.01303133  0.73373301  1.28737911]
[-3.1110859  -2.07505216  0.83489512  0.36111472  1.21615319 -0.97175663]
[-0.05916018 -0.55102662  0.38639885 -0.52496775 -2.15737635  2.96656395]
[ 3.08699131 -0.53540918  2.07561718  2.15579219 -0.16733911 -1.6346435 ]
[-2.40203775 -1.26905725 -2.54656045 -0.70046785 -0.04175752  1.2437846 ]
[ 2.05203112 -2.27679307 -2.15180006 -0.73099359  2.84675543  1.7505458 ]
[-2.34600241 -0.87149876  0.12816556 -0.86362748 -3.06017127 -2.50199982]
[-1.25209005 -0.91043762  1.18886783  0.95963342 -2.67424103  1.71815541]
[ 0.01934181 -0.97796395 -2.07020319 -0.89069419 -2.6277724   3.01924481]
[ 0.00943929 -1.84555173  2.4225063   1.71417154 -1.03085203  1.85990145]
[ 1.55227359 -2.49049155 -0.5062722  -1.69181647  3.07787704  1.91886627]
[ 2.46851646 -0.54230757  0.7625113   2.79866453 -0.23288556 -2.55031265]
[ 1.2931082  -1.9017941  -0.28911633  0.48322105  2.18789447  1.91901761]
[-0.76127581 -0.42226936 -1.29598398 -1.21738807  0.77009413  2.35928244]
[ 0.65861257 -1.53307748  0.69410867 -0.38054233  2.21657194  1.91287066]
[-1.98144153 -2.59291064  1.28480954  2.2970519  -1.0783648   0.53934898]
[-2.92278237 -0.13645506  2.80452763  2.25685424  1.55958602 -0.21250856]
[ 1.78085195 -0.66862544  2.28000494 -2.99129346 -1.01134403 -0.15767701]
[ 1.63824053 -2.89299339 -1.41389423 -0.89933582 -2.86115071 -2.39377995]
[-1.96489994 -0.26496438  3.05181342  2.78947882 -0.3581996  -2.05393478]
[-2.55164019 -2.11190542 -1.12769117  1.90842282  2.64107299  0.62612086]
[-1.85699807 -2.76179527  2.19499547  0.82281201  2.3505448  -2.35378731]
[-1.4432761  -1.56000446 -0.91543814  0.42753309 -1.62669646  0.91335707]
[-2.56710984 -3.00213928 -1.57373798  2.50059398  0.00991863 -0.60796912]
[-2.4444585  -1.95510472 -2.30056456  2.50734561 -1.73904515 -1.92176647]
[ 1.60260047 -2.51290007  0.08772192  3.05697335 -0.89124778  1.32022616]
[ 2.30073392 -2.35670244  1.91602677 -2.62991288 -1.07064693 -2.18253209]
[-1.36711143 -1.05707123  0.66054737 -0.31915964  0.0437085   0.20330498]
[ 0.02512656 -2.77690013  1.79890241  0.91803254  0.64471734 -0.29911583]
[-0.75027784 -3.09962414 -1.56277756 -2.7903769  -1.35342918 -3.09354757]
[ 0.51951568 -1.16043082  1.45949203  1.16909904  0.49969979  2.63452554]
[-0.58656353 -1.72794987 -0.25404215 -0.82561698 -1.45230768 -0.539201  ]
[-2.19570331 -2.61475377 -2.42962814 -1.51077704  1.21944154 -0.90738576]
[-1.66386451 -0.94468644 -0.89483765 -0.48639601  0.26545707  0.65706612]
[ 3.06171059 -2.8023319  -2.9956151  -1.17395358  1.89158728 -0.18179863]
[ 1.89555681 -2.40730435  0.0332556  -1.81075349 -2.41059124 -2.01316584]
[ 0.81098594 -2.55130176  0.26964024 -0.07368951  1.59445142 -0.6974195 ]
[ 2.67373034 -3.06830836  0.96748031 -0.46936985 -2.52347242 -1.69063157]
[-3.06089687 -2.11900267  2.71448819  0.0796925   0.16414778 -2.98510086]
[ 2.09583499 -1.94253566  0.41156084  0.53113193  2.23243487 -0.12674505]
[-2.99857612 -1.5299934  -0.68000028 -2.45134554  2.21096903 -1.41092821]
[-2.19844593 -0.71803835  0.38838991 -0.16172511  1.08158924  0.02653345]
[-0.41147111 -0.84273525  1.93974042 -2.25943682  1.3055735   1.34658278]
[ 1.57548274 -2.9525238  -0.31986047  1.09283016 -0.69522232  2.20039153]
[-0.63890998 -1.29929117  1.31072304  2.2751633  -2.01852639  1.52299467]
[-0.87992819 -2.39308663 -0.46184708  1.27166304  0.39091289 -2.66164772]
[ 2.13529358 -1.91993624 -3.06518137  1.83844165  3.09063546 -2.13484961]
[ 2.81826548 -0.72766902 -0.11746946 -2.94855191 -2.81195639 -0.13838132]
[ 2.00140968 -2.76023487  2.5569155   2.51530607  2.64442408  1.70986527]
[ 0.63966028 -2.03111318  3.04489558  1.4514218  -1.38341157 -1.69188024]
[-1.99728345 -1.79815153 -2.17228241 -3.08238994 -0.90701702 -2.91620878]
[-0.00427516 -1.98543107 -0.90249435 -2.00489686 -1.82444772  1.46491491]
[-1.43855901 -3.00561447  0.01730264 -2.91688039  1.25842495  0.83846142]
[ 1.29011598 -2.34659238  2.65586293 -0.6267744  -3.03320772  2.8543184 ]
[ 1.20446931 -1.80386699 -2.34687812  2.11682427  1.19240177  0.07390076]
[ 0.012732   -1.30229213 -1.56840253 -0.09853231 -2.39647099  2.05190467]
[ 2.76872673 -2.60540255  1.00599745  1.7071772   0.73731419  0.49873705]
[-0.37613979 -0.32855099  1.73994297  0.20481975 -0.97281844  1.20258037]
[ 1.85402605 -2.8771922   0.86480627 -0.6060949  -0.75569573 -0.80717381]
[-0.31873874 -2.50693427  2.97593065 -1.11686294 -3.05484294 -3.05223383]
[ 0.34040422 -0.49393334 -0.59736557  1.77486044 -1.07543713  2.2496424 ]
[-2.47834964 -1.8388394   2.02611881  2.85286539 -2.90904869  1.59638559]
[ 0.27704171 -2.321853    1.52397252 -2.0820667  -1.93783235  1.21318565]
[ 0.3913568  -1.33272463  0.27574982 -0.27569047 -2.73233336  2.84763877]
[-1.24618508 -0.11546274 -2.60434113 -2.25380172 -2.47983331  0.93246034]
[-1.37921802 -0.75340458 -1.24261602 -1.6674071  -2.71843182  1.24125279]
[ 0.6188412  -2.61633825  2.94137514  2.95726759  0.76408986 -0.53323457]
[ 0.88469338 -0.39581711 -0.67111047 -2.42054253  2.35667099 -0.22148684]
[ 2.95995323 -1.91265556 -0.43076562  0.9554995  -0.43061317  1.35169285]
[-1.03791083 -0.97551197 -0.78215226 -1.2182623   2.10817954 -2.9216453 ]
[-1.97333072 -1.14569877  1.80341932 -1.33739215  2.50052718 -0.35740325]
[-1.41406576 -1.22378615  1.16186195 -2.03376714  2.42913921 -0.3664093 ]
[-0.75561195 -1.34181351  0.27773673  0.40292386  0.95975259  1.58561067]
[ 2.61649036 -1.98574323  2.85453974  2.88133251  1.95095368  0.33746595]
[-0.96367745 -1.63516971 -2.30852837 -0.2250468  -0.84866151 -1.88018285]
[  7.20571954e-01  -4.38279651e-04   2.66024206e+00  -2.89009634e+00   1.00646838e+00  -1.12815677e+00]
[-2.93384707 -2.94662461  0.02808568 -0.61918085 -2.25521907 -2.92112896]
[-1.9444114  -0.84306857  2.94442777  1.17097221 -1.71766871 -1.60107726]
[-0.93615161 -0.53996293 -1.4508293  -2.39373805 -1.43309163  0.04291938]
[ 1.95726255 -3.09978303  0.39189743  2.98205373 -1.62135032  2.07539888]
[ 1.45774494 -2.46677934 -3.06478706  0.757858    2.46770255 -2.31102603]
[ 1.43022098 -1.03773472 -2.68707235 -2.5399492   0.53994165  2.14385363]
[ 0.04408602 -1.96316457  1.24733508 -1.06710696 -1.46102843 -3.06361671]
[-1.11996978 -0.95674194 -0.9388773   0.472109    1.29647427 -3.03508362]
[-0.98668466 -1.5475679  -1.38053219  0.79765976  0.1730253  -0.46705211]
[-0.03095213 -0.9331599  -2.21745621 -2.7002741  -2.95936576 -0.77186964]
[-0.2702512  -2.81105907  3.01426442 -0.54712022  3.04720417  0.03774194]
[ 2.47069665 -1.13167992  1.55705478  0.16767611  1.45615544  0.95901578]
[-2.21252508 -2.37634184 -0.18969557 -1.46074051 -2.61560412 -2.08705543]
[ 0.19134762 -2.16248559 -2.17636387 -1.64371267  0.11381597 -1.93133018]
[ 1.4135853  -2.33961188  2.15835121  2.39653368 -1.250672   -1.09983008]
[ 0.06007248 -2.77068471  2.16753121 -0.61044411 -0.14818125  0.98330766]
[-2.51715978 -2.19731861  2.69114234 -1.65674376 -2.50106107  0.26243544]
[ 2.04390089 -0.89740951  2.35035019 -2.59006088  1.04050568 -0.81742564]
[ 0.48633237 -0.07017694  2.27639445 -1.16704984 -1.64374841 -0.20824513]
[-0.59281669 -1.81043911 -0.40109067  0.57249144 -0.38144908  0.50115151]
[-0.00726036 -0.88641948 -0.40890527 -0.7736087  -3.0973695  -1.80498805]
[-2.21694969 -1.73073753 -0.12837186 -2.94934739  1.95392156  2.34362323]
[-2.63884608 -0.75907302 -0.34116471  1.40989431  1.83839213 -1.5093395 ]
[-0.73109146 -1.07674317  0.68311094 -2.29408138  2.07856271 -2.72476456]
[ 0.55912773 -0.02036309 -0.17306888 -1.91625624  0.13788399 -3.07216573]
[-0.8508713  -0.92485597 -3.05932934 -2.86581771  0.59448217  1.04203378]
[-0.14276743 -1.3413698  -0.87669342 -3.11905108 -1.0791222  -2.43935178]
[ 2.65071193 -2.84156032 -2.72240952 -3.12388037  0.12717408 -1.96382851]
[-1.7359834  -1.39248902 -2.57962569  1.09177671 -2.52782657 -2.61487451]
[-2.06921264 -0.08370788 -0.13848878  2.74107232 -1.21094549 -3.1039909 ]
[ 0.89640605 -0.50437826 -0.99305982 -0.59186369 -1.13967516  0.38476588]
[ 0.34111991 -2.97334288  1.56297171 -0.04320746  0.5100101   1.88084991]
[-1.50395763 -0.86579205  2.05687425 -0.81158754 -1.62709012  0.38564139]
[ 1.84742601 -0.83806416  0.29864025  0.0844305   1.18589976 -2.88567549]
[ 0.73486801 -2.38745801 -1.9729979   0.41051159 -1.03300508  2.50433306]
[ 2.4686928  -2.83572595  1.2144369  -1.9540325  -1.40240043  0.4731867 ]
[-2.6834452  -1.75499849  2.11791097 -1.91490077  0.7973231   2.28197955]
[ 2.76263183 -0.19447288 -1.92104392  0.02722829 -0.01344967  2.12903469]
[-0.33514316 -1.15142719 -0.04282496 -2.96682227 -1.55545964  0.21242737]
[-2.91845733 -2.56839569  2.86304192 -2.64783063 -2.90460082  1.07296018]
[-2.5879211  -1.98195569  0.2496672  -1.97963414 -0.18682612  2.44195989]
[-1.42576127 -3.08463172  1.83819509 -0.95859904 -2.853031    0.8894596 ]
[ 1.04876344 -0.58628042 -2.11276738 -3.02500098 -1.4256665  -2.62705302]
[-1.64098656 -0.72176528 -1.79632578 -1.97829075  2.22509125 -2.86360362]
[-1.50483925 -1.31055336  1.88842982  2.80299077  0.10813232 -0.49284566]
[-2.4723244  -1.30787344  0.81426589 -1.42062285 -1.98934113  1.24472105]
[-1.16976328 -2.74252791 -1.60722567 -1.53285563 -0.12266394 -2.10627127]
[-2.31708558 -1.25038871  0.60486455  0.40217911  0.29519143  0.71110945]
[ 2.70705547 -1.23678014  2.14744152 -1.35466723 -1.90998563  0.05454354]
[-2.88061397 -3.05528822  2.83970752 -2.29213888  1.41632094  1.4881769 ]
[ 0.97462777 -2.98225499  2.49530816  3.03632377 -2.11712505  2.19846256]
[ 0.63555263 -2.51691142  2.48330586  0.79848974 -1.04381601  3.0272185 ]
[ 0.55289639 -1.84171094 -2.57799377 -2.50543905  0.97074901 -2.35748228]
[ 1.67884655 -2.91183619 -0.24141583  1.276613    0.91618207 -0.17413025]
[ 2.86501315 -2.12062637  0.20755036  0.80555042  0.82103074  0.45698069]
[-1.52727428 -0.4673653  -1.8767912   2.3752523   0.15018505 -0.51176121]
[-2.58932013 -2.98351745  2.11531556 -0.23181218  1.62716069  0.52991325]
[-0.12442124 -2.65636745  0.79061858 -0.68097549  1.35328815 -1.31946401]
[ 1.67340232 -2.17634725 -2.75121401  2.01625232  2.44955851  2.43664697]
[ 2.05241695 -1.13505048 -0.07054748 -0.76662064 -1.13085721  1.45901146]
[ -2.81683528e+00  -1.78454493e+00  -2.70080668e+00  -3.13467667e+00   1.53964602e-03   8.66468111e-01]
[-1.86284299 -2.82903171 -2.7308051  -2.57719031 -0.03373855  0.57658616]
[-0.44239042 -2.01599291  0.78358292  1.20704297 -2.61571504  2.55351242]
[ 2.3052905  -0.70504627  0.9895017  -2.68295728  0.10967878 -1.71353692]
[-0.84810534 -1.40616095  2.63302935  2.04571211 -0.49723425  0.01362811]
[-0.49035893 -1.88822292 -0.63485612 -1.58636717  1.50980708  3.12007695]
[-0.88042962 -1.86049285 -0.83016129 -1.56625125  0.68375442  1.33844391]
[-1.32310874 -0.52028278  3.08379988 -1.92078717  1.61713619 -1.53859645]
[ 1.75075607 -2.43360943 -2.3942035   1.26754408  2.26632419  2.90101715]
[ 1.62272436 -2.15223173 -0.48970806 -2.27365392  2.56491434  1.27889639]
[ 2.61685393 -3.04315727 -0.97024941 -2.55429175  0.01501447 -2.12140353]
[ 0.24999533 -2.59671416 -2.08516793 -0.19396002  0.19891251 -1.62008579]
[-0.72815359 -2.36502121  2.03300785  3.00323881  0.51860457  2.04641218]
[ 2.77725148 -2.84024395 -0.51329581  1.39896985  2.64922414 -2.28588273]
[-2.00176223 -0.22027516  0.5359084   1.29014214 -2.3767256  -0.67352165]
[ 1.77184865 -0.88169006  2.93659294 -2.85188481 -0.19193851  1.32269388]
[-2.48392103 -0.12288939 -1.92579398 -2.37769143 -1.96857804 -1.49623191]
[-0.50377547 -2.30307589  1.1816266   1.56625847  0.19479347  2.40811201]
[ 2.96067384 -1.59129349 -0.84008682  2.89028047  1.76876364  1.02980891]
[ 0.15489339 -0.91595203 -0.93670753  3.0064657  -2.12741579  1.83095114]
[-0.97020735 -0.47166362 -2.71172667 -2.35250583 -1.66174597  3.01917181]
[-2.90256077 -2.01094036  1.32651411  0.23898853 -2.70612551 -1.88594032]
[ 2.28820022 -0.8321776  -2.90772683  2.1694608   0.61075541  0.17971849]
[ -2.52391659e-03  -2.66155423e+00  -3.07227811e+00  -1.98928405e+00  -1.45384601e+00   1.71932882e+00]
[ 1.10113967 -1.9406006   1.88578946  2.2077032  -1.7562839  -1.37631993]
[-0.26418993 -0.17985547 -1.49502143 -1.94189085  1.00719951 -0.69760045]
[-2.43384932 -2.00554451  0.60355017  1.79469093  0.69660188  0.09793413]
[ 0.4626478  -1.33754983  2.30490322 -1.08164747 -2.15196506 -2.03710303]
[ 2.35585923 -2.34621936  2.28894916  2.93832134  2.50537441  1.33356749]
[ 0.97105115 -1.16233156  0.73003452  3.0616274   2.88750828  1.90330838]
[ 1.24792934 -1.68119677  1.75289848  2.08929909  0.339095   -0.66339163]
[-0.35191638 -1.54020111  2.88210989 -1.08873709  2.07641171  2.7816485 ]
[-0.61184856 -0.27495838 -0.73552507  2.84824346  0.13753722 -1.36305792]
[-0.33869456 -0.80949137 -2.30539311  1.31415769 -2.48079471  2.96389955]
[-2.36728574 -0.99146526  1.18281839 -1.97399313  0.68567414  2.86786337]
[ 2.29956632 -1.25330206 -1.24801748 -1.23127212  1.90800739 -0.68784066]
[ 2.79828386 -0.38276092  0.3511677   1.46459934 -0.71036572 -2.5022865 ]
[-1.15112464 -2.84325103 -0.52737561 -1.5774136   0.76010616 -1.97502468]
[ 2.10083261 -0.18377392  2.11454573  0.73875443 -0.34343252 -1.51414394]
[-2.96044148 -1.59512131  0.54289604  2.63734231  0.5786214   2.28833075]
[-0.04675874 -0.61428359 -0.38065375  0.97303792 -2.20339931  1.62637048]
[ 0.30980746 -1.07250736  2.25783533 -2.79869125 -2.57048798  1.68858267]
[-2.88237953 -0.37904725 -0.47405265 -1.85390696  2.96364731 -2.0625951 ]
[ 1.6012305  -0.7863238   1.96249767 -2.76302769  2.64917901 -2.53907235]
[-1.73753074 -0.25317721 -0.33518736 -1.41363458 -0.90256322 -1.68379742]
[-2.89076479 -2.74035916 -2.82840924 -0.90684957  2.07770474  0.90913234]
[-0.35349166 -0.73656122  2.76928378 -2.9238623   0.50114089  2.82197313]
[ 0.09383776 -1.79896888  1.57152282  1.30938264 -0.51644335 -0.51430294]
[-0.8989156  -0.7336785   1.17786597  1.42846534  2.63319349  0.53733268]
[-0.96957285 -0.35144733 -3.10788872  0.30967814  0.41095171 -3.10159347]
[ 1.13688353 -0.13201777  2.8782073  -2.5568025   1.7517447   0.02614102]
[ 0.58329784 -0.01072286  2.46535162 -2.6594176   1.45350952  2.86659061]
[ 1.67322911 -1.38856075 -0.1380793   2.8062424   2.53757568  1.21679603]
[-2.62168429 -1.34345324 -1.88446539 -2.89074552  2.51621881 -1.37782191]
[ 1.64391583 -2.62920473 -1.7566764   0.93913497 -2.72572801  0.42132135]
[ 0.61778023 -2.68323497 -1.84851969 -0.48877176 -2.6810586   1.68460746]
[ 0.3992901  -0.55212258  2.30905234 -1.25733619 -0.21588444 -2.33167802]
[-2.51296251 -0.31146393  2.64581073 -1.92573993 -3.01350871  1.73773026]
[-1.69168568 -2.75605882 -2.45120491  2.15211089 -1.98132934 -1.24120052]
[ 1.99576528 -1.32049102  2.42175567 -0.39794959  1.83929424 -0.18298066]
[ 1.25058699 -2.07492872 -1.79894125  0.58420313 -0.49355807 -2.64746826]
[ 2.90471025 -0.87376687  0.30489067 -2.307932    1.92085776 -3.005315  ]
[ 0.39269229 -1.97888138  0.725212    1.99986933 -0.24978045  1.06254092]
[-1.77960216 -1.09736454 -2.7865487  -0.3149138  -1.81309646 -1.93800954]
[ 1.11969743 -2.54766883  1.98108792  0.98472113  1.9791195   2.73138864]
[ 0.02994515 -1.28615953 -1.65349876  0.5509144   2.3289886  -0.28305613]
[-0.85989262 -1.72728969 -1.55307294  1.19651049  0.79095675  2.96695823]
[ 0.58926237 -0.77270248  1.58953301 -0.23738996 -2.64875836  0.98002237]
[ 0.17556345 -1.8504852  -0.55459322 -2.8492279   1.04701861  0.65977577]
[ 2.48058382 -1.94964085 -0.38413373 -1.72437655  0.92275741  1.22451812]
[ 2.8186162  -0.56603616  1.37460767 -3.03649689 -0.93502252 -1.4302598 ]
[-2.6299214  -0.92402296  1.5278725   2.59708431  0.17967516  2.87932967]
[-2.67162688 -3.09454879  0.7172672   2.42080193  1.49874018  0.27600155]
[ 0.21673525 -0.10754817  2.68813811 -2.14272178  2.80187441  2.86749231]
[-2.21072287 -1.66247281  0.56921726  0.21067323  2.67062645  1.09453495]
[ 2.54906847 -2.56746307  1.51890637 -1.97492417 -1.47784838  2.84507672]
[-0.70961741 -0.07064291 -0.29040926  1.59129367  3.03532031 -1.75966298]
[-2.94840846 -0.25733201  1.52153382 -2.3712893  -1.46329948  0.75124131]
[-0.94569485 -0.64275451 -2.0365873   2.99164253 -1.73769865  1.3515386 ]
[-1.54715287 -0.16507861  3.03259233  1.14518431  1.92692309 -1.25811098]
[-2.61645808 -0.13188826  0.11294549 -2.84270676 -1.58190002 -1.79555542]
[ 2.87859316 -2.17835863 -2.97698893  0.099663   -1.97888891 -0.62293787]
[ 2.24626139 -1.16007711  2.27657909  2.20768866 -1.38167774 -2.43900591]
[ 2.9963498  -1.53196194 -1.14475858  1.22590226  2.28899493 -2.35236572]
[-2.94609844 -1.53205576  1.31553545  3.06337701  0.48427572 -0.19059675]
[ 2.86202111 -0.393333   -1.00482984 -0.40208318 -2.88983242  1.01100638]
[ 2.83948112 -2.62135557  2.58387134  2.2076391  -1.05344116 -2.17251316]
[ 2.86911891 -2.16579969  2.17230163  1.31263907  0.64197504 -1.00359618]
[-2.98410401 -0.4002006   0.04143732  1.32808588 -1.94381225 -2.19701045]
[-2.18611421 -1.38485729 -1.84014852 -0.37352009  2.9109894  -0.11346098]
[ 2.0265856  -0.86434472 -0.93675856  1.18494565 -2.72849312 -1.38437984]
[-2.66460473 -3.12234195  2.50487723 -2.07795637 -1.30238915  2.49173156]
[-0.03836722 -1.78730257  0.56573692  1.89289282  0.99890591 -3.03985074]
[-2.04692955 -0.11350318  2.52214462 -2.84310488 -0.89692897  0.38947499]
[ 1.62364221 -0.65735395 -1.67101839  1.91522806 -1.05925648  1.70827496]
[ 2.39677063 -1.71442934 -1.49808751 -1.39135252 -0.52770213 -0.26044534]
[ 0.14743701 -1.17880889  1.42668554 -2.68046611  0.08516815 -0.14698057]
[-1.24010664 -1.55047433  1.76021968 -2.53162062  0.33090546  0.36280836]
[ 0.11156842 -1.59486441 -2.06764676 -0.15133982 -2.40661795 -1.81252026]
[-0.91450439 -2.4865513  -1.92326031  0.27330875  2.87343367 -2.75036514]
[ 2.38905446 -1.41843357 -2.20309655  0.04228382  2.38347684 -2.016339  ]
[-2.71880961 -1.64273918  1.44532417 -0.76035271  0.36860037  0.52215031]
[ 0.2389623  -1.26934794  1.81601041 -2.64425436  1.30589344  2.58191836]
[-1.53952141 -0.52305388 -0.175633   -3.01978517 -0.79499236  0.26213886]
[-0.26077547 -2.39050849 -1.37150596  0.5452879   0.66895105 -0.14195378]
[-0.59721568 -0.47430088  1.34912346 -2.61075314 -0.48026527  1.0829833 ]
[-0.22837653 -1.72982831  1.25363529  1.33547341 -1.25740545 -1.21493223]
[-2.28739436 -1.58036594 -1.37185458 -2.60129411  2.25521769 -1.39628919]
[ 2.37178766 -0.86641699  0.23444996 -0.23808332 -0.4871495   1.52160687]
[-0.45116786 -0.83090904  3.06044291 -2.88383041  2.42274579  0.82613398]
[-1.47959585 -1.63888054  0.02249248  1.72426404 -1.09111061  2.58841615]
[-1.71982076 -0.94878775 -2.20049945  1.24465678  2.46009859  1.37019146]
[ 2.4463942  -2.18835179  2.84815356 -0.52490142  2.50990015 -0.24034894]
[-2.3265853  -0.22097633  1.47806692 -1.97087941 -0.23877343 -1.8120125 ]
[-2.2071608  -0.35211278  2.54492367 -1.68474778  2.81023079  0.93275065]
[ 0.91525715 -3.11643582  0.3621575  -0.60790533  1.7157626  -2.9245343 ]
[-2.43266633 -2.14388277  2.56084614 -0.72481908 -0.34123629 -2.10367903]
[ 0.40166646 -0.398393    2.94931659  1.97847746  1.56436543 -2.96758441]
[ 1.56468574 -1.73862654  1.82564495  1.91069879 -1.35107023 -0.11434131]
[-1.35482869 -0.89873202 -1.59306725 -0.02131174  0.78135989 -2.64982336]
[-2.10131597 -0.0875714  -1.93066205  0.69114685  0.47894158  2.92790255]
[ 2.2709715  -2.86671895 -0.99963767 -2.96567015  2.74369342  0.6734356 ]
[ 2.56271966 -2.12854838  2.62462031  2.0448314  -2.63721972 -0.47578786]
[ 1.50495043 -2.93087848  0.90033721 -0.70056766 -1.23591362  3.03344717]
[ 2.39002038 -0.36103664  2.97469492 -1.17564877  0.35772953  3.06428156]
[ 1.80521937 -2.19535647  2.73454814 -2.00215184 -2.42331099 -0.52740058]
[-0.56669277 -2.82661374  2.16373611  2.46577581  2.55209895 -0.99055033]
[-2.39093685 -0.48293531  2.27850177  1.13347233  0.59668517 -2.23090429]
[-1.95908755 -2.32370411  2.59628988 -1.54912406 -2.13409524  2.35514372]
[-0.09732117 -1.27078791 -1.47037549 -0.09270803  1.8544284  -0.99999053]
[-1.80580746 -2.9739198   1.62737459 -1.67815776 -1.8105351   0.99442153]
[ 0.21475058 -0.40131452 -2.42296204  2.66348091 -2.58780205  2.79220168]
[ 0.53207224 -3.07103589 -1.75950764 -1.79294828 -1.6711551  -2.9165628 ]
[-1.22467566 -1.92516658 -0.89839991 -1.21725557  0.0592418  -2.77233127]
[ 2.43140511 -1.29456274  2.62299214  0.32961466  2.9974708  -1.68917596]
[-0.15868449 -0.57975849 -0.02631965 -0.77225784 -0.44201366  1.98994445]
[-1.74023474 -1.97718186  2.16568147  1.36126859 -0.94029865 -0.93509102]
[ 0.00640838 -1.15985819  0.43918811 -0.70498103 -2.10675966 -0.7639957 ]
[ 0.71439525 -2.29781712 -2.32378572  2.0270367   1.31867772 -0.12922123]
[-0.17736183 -1.23911598 -2.89299914  3.13425263  2.8597412   1.84459004]
[ 0.68389537 -1.61567816 -1.88467513  1.09113279  2.28789619 -2.46409998]
[ 0.59524921 -2.33863514 -0.51063993 -1.05679221  1.98787373 -2.48039225]
[-0.90846613 -2.24714783  0.98170291 -3.01906621  1.04524599 -0.31390017]
[-2.6907483  -1.12827076 -2.56625931  2.84475967  1.2656733  -1.25988916]
[ 1.2481875  -1.55261788  1.66643131  0.75568688  0.396091    3.02283439]
[ 1.10554959 -2.40881732 -0.94038664 -2.84756515  1.25324441  0.0997605 ]
[ 1.60739702 -2.18034517  1.5455254   1.61138388  1.87519389  2.33030635]
[-1.5724158  -1.42904085 -2.38964395 -0.13358724  3.03426776 -0.2297663 ]
[ 1.34602553 -1.09237318  0.75286746  1.93992906  0.30659541 -1.06129703]
[-0.4428096  -1.10590434  2.26622337  1.6287946   0.11387254 -0.51325745]
[-2.63961545 -0.94697535  1.0052805  -2.12124418  0.98668015  1.69531416]
[-0.88264242 -0.01570718 -1.26989824 -0.66619494 -2.05942386  3.10896913]
[ 1.49533008 -1.55736858  1.12558767  3.04634985 -0.01306894 -0.16784978]
[-2.28140978 -2.60194907 -2.35684713  2.92780193 -2.00212491  2.97918183]
[ 1.38529159 -2.8326533   0.95527794  1.05878893 -0.38562167 -1.09729768]
[-2.91858808 -1.74204818  2.1952736   1.07785648  1.53459385 -1.97868148]
[-1.66918492 -1.96386699  2.64251168  1.20568269 -2.58342045  0.80893368]
[-2.50223085 -2.3713621   2.2204104  -0.95056341  1.2405121  -0.93476314]
[-2.16836663 -0.4918358  -1.82093464  0.16566686 -2.02901603 -2.67716636]
[-1.72221306 -0.38144619  1.63181798  1.98466172 -1.54762845 -1.51554696]
[ 1.59211729 -2.85466104 -1.51006411  2.70416172 -2.61072211 -2.76793673]
[ 0.76237421 -2.76183114 -1.09354232  1.78453601 -1.69548397  0.46527454]
[-0.27062594 -2.9398662  -2.08751081  0.96880049  2.1550411  -0.86672791]
[-0.78717696 -1.65946247 -2.48695393 -1.6756351   2.88939502 -0.36903566]
[-0.21603668 -2.05768854  0.92437307 -1.65337879  2.11192933  0.89614903]
[ 0.73979632 -1.93582208  0.61071886  0.39950293 -0.68606275  0.22349111]
[ 0.81584113 -2.46832493  1.57824738 -2.26812512 -2.96278957 -1.6782129 ]
[ 1.73270208 -3.04638825  0.13952999 -0.16747274  2.3677594   2.98210459]
[-2.21404372 -1.24478483 -3.13453645 -1.75339936 -0.31193836 -0.48081259]
[-0.92805069 -0.7939207   1.15789464  1.2245367  -2.36459552  0.0044004 ]
[ 1.6972566  -1.01131305  0.54453577  2.69394164 -1.97024329 -2.27691533]
[ 1.7817299  -2.0199042   0.79190646 -2.96475903  0.73990959 -1.4215544 ]
[ 1.29423646 -1.03280223  1.84968826  2.21508275 -1.98638272 -1.51647078]
[ 0.91428893 -2.24790755 -1.87167922 -1.47825466  1.28863501  0.7822837 ]
[-0.33109375 -2.29502569 -0.72805555  2.15230559  2.61378206 -2.77616624]
[-0.14375038 -0.38891216 -3.03302323  3.10808086 -3.08717198 -1.64476719]
[-2.60000179 -1.41374324 -1.68205318  1.63301563  2.78476301  0.33820403]
[-0.44125915 -0.70073996  2.53627906 -2.62034394  1.30799502 -3.10868698]
[-2.865246   -0.8587954  -0.54599345  1.6011913  -2.59045011 -0.82913445]
[ 0.89342166 -2.84433409 -0.23023143 -0.04910448 -0.64629876 -0.82874456]
[-0.33715842 -0.57830006  0.17882337  1.27167053 -2.63307789  1.49141695]
[ 2.71749785 -0.33748139  1.20389978  0.77349878  3.07366443  1.22382176]
[-1.64658017 -0.34943958 -1.05691776 -0.46801757 -1.82461868 -1.49981532]
[ 1.34015033 -2.5777573   3.09666682  1.79766565 -0.3875067   2.03774303]
[-1.50711227 -2.40117254  2.61214914 -0.48075814 -0.28651924 -0.92398742]
[-2.17638711 -0.63218382  1.71074669  0.11582373 -1.42282412 -1.05771855]
[ 0.25087139 -0.64638073 -0.86794634 -2.41127942  2.05009604  0.0575633 ]
[ 0.53592517 -0.10793679  1.186055    1.44304141 -2.30063712 -1.09754849]
[ 2.35786057 -1.75650652 -1.29542139 -1.59561497  3.13023753 -1.08824824]
[-1.33195612 -1.2786797   1.55987114  3.04272238  1.33324748 -1.47594948]
[ 1.15532658 -2.15478412 -0.60831246  2.46934486 -2.90098809 -0.99290009]
[-1.45146613 -2.27939891  0.13210528 -0.66364856  0.3432204  -2.93637289]
[-0.13099042 -1.77544973 -2.80341299  2.67119708  2.18377374  1.73800449]
[-2.57368381 -2.40121148  0.00474103 -2.34820698  0.55400888 -1.05957939]
[-2.20639663 -1.42130866 -2.77082177  1.55562382 -0.64428124 -3.01814112]
[ 3.09706853 -2.6250346   2.38931046 -1.12603615  2.35591446 -0.13147322]
[ 0.02240086 -2.08920442 -2.74320689  1.31638731  3.06081147  0.96514539]
[-0.60766087 -2.72685449  2.57140711 -2.9670967   2.89643102  0.20129259]
[ 1.25501201 -1.10787359  0.43332786 -2.84715989 -0.57884487  1.15725461]
[ 1.23348807 -0.04713115  2.90835335  2.02474941 -0.23766629  2.76242603]
[ 0.79791506 -0.13975586 -0.83626039 -1.83387511 -2.97050645  0.46128102]
[-2.15638649 -0.30853154  2.16113849 -0.31220266 -2.09403792 -1.99546148]
[ 1.81927236 -1.1212323   3.11929295 -2.14556917 -2.62223241 -0.06407884]
[ 0.93935401 -0.996106    0.46935637 -1.96080608 -0.31576929  0.07753666]
[ 0.92330353 -2.59704582 -1.75127554  0.23787598 -0.2152269   0.97754511]
[-0.16057134 -3.01737465  0.13883989 -2.308624   -2.16705426 -1.71638773]
[-1.59011744 -1.78868451 -2.56758091 -2.58619043 -1.9521326  -2.77761952]
[ 0.14902921 -0.77479053  1.29240851 -0.60001698 -0.27140838 -1.64421153]
[ 2.58580083 -2.25437138  1.28266894  0.13664053  0.09458407 -0.09878769]
[-1.42693713 -2.89252813 -0.63157495  0.85624147  1.13873216 -2.84910106]
[ 1.57026964 -1.6281594  -0.70392419  3.11929241  0.37343001 -1.42989692]
[ 1.18040983 -1.98021619  2.49801308 -0.15776652 -0.85215173 -0.57286288]
[-2.3189983  -2.46272677 -2.59021915  0.30956551 -1.0981632  -1.0255983 ]
[-1.27711481 -2.8125932  -1.96591588  2.10219834 -0.23005062  0.75572756]
[-0.15535444 -1.2716695  -0.946865   -2.72789362  3.0924967   1.54759558]
[ 0.53353982 -2.82450461  2.1955664   1.69964757  0.36279559 -0.25947768]
[ 1.77336585 -0.48596765 -0.5080253   1.17213416  0.98881962 -3.11682521]
[ 1.90396425 -2.92559128  1.04646892 -3.08893232  1.91797674 -2.59621196]
[-2.86381946 -2.03867328 -2.12581499  0.28572878  2.20364589  0.81242451]
[ 0.71599549 -2.81567636 -0.82931625 -0.24341078 -2.64917118  1.41868986]
[-1.51830161 -1.69132227  0.95988192 -1.42541936 -2.78261648 -0.84674739]
[ 2.84515552 -1.71980596 -2.2848553   1.81837011  0.22529955  2.91277864]
[ 2.30190522 -0.61098082 -3.08867293 -2.65607449 -1.29265996  0.70281933]
[ 0.71984912 -0.73225674 -3.05982321  1.13781588 -2.9891955   2.97613476]
[-2.40691376 -2.48397054  2.35128138 -1.68923584 -2.81271041 -1.04921441]
[-2.16881882 -1.30807591 -0.07439362  2.82810244  0.94505499  1.09455913]
[-2.53227077 -3.09794181  2.30795962 -0.81086773 -0.72172198  1.80472859]
[-2.9398162  -1.09015197  2.46050519  0.614032    1.23605979  2.62374732]
[ 2.21944008 -0.84430128 -2.74077905 -1.40642907  1.10234326 -1.52576503]
[-1.18525093 -1.45141856  1.87935394 -0.48285834  0.04916392 -0.22858854]
[-0.50132407 -0.20100666 -2.47221664 -0.33637527  0.36213268  2.58736778]
[ 2.97266971 -2.15958311 -2.56485005 -1.71012125 -1.85564695 -2.29007132]
[-0.76002584 -2.75629363 -2.5893678   1.00564177  0.80122629 -0.01948682]
[ 2.93847458 -2.80215293  0.47033439  2.17997731 -0.35880502  1.69919486]
[ 1.94312064 -2.50385506 -2.71452709 -2.80929776  2.19238171 -2.15047102]
[ 1.66299399 -1.76874649 -0.65131725  1.83134217  0.46899923  1.52996742]
[-2.67525732 -0.83261148 -0.42961991  1.45634593  1.04965091  1.67143814]
[-1.40703741 -2.84413655  1.10645461  1.26160086  0.03559372 -1.86832013]
[-2.15042244 -0.323721    1.75913801  2.79206941  1.90789025  2.76799857]
[ 1.72195262 -2.90448679 -0.93141909 -2.14736701  2.70887927  0.65029859]
[-1.40459958 -2.85268188  1.70605922 -0.01436772  1.90163732 -0.0775924 ]
[ 2.41041566 -2.37509339 -1.40103918  0.7371495   2.95921826  2.32576107]
[ 2.79225993 -2.01498831  0.187336   -1.57934333 -1.27299135  0.51257559]
[ 1.93709152 -1.16587124 -2.16196205 -0.75833624 -1.85576158 -0.38280368]
[-0.3548116  -0.4060679  -0.84734329 -2.8466924  -1.00888056  2.60378391]
[-2.83316407 -2.14497905  0.87176333 -0.0922016   2.97934588 -1.20513502]
[-1.80373927 -2.26314708  2.55466869  2.93241527  0.26516883 -1.42352515]
[ 0.57956452 -0.80309325  2.40967997  1.44944286  2.64822783  0.13410257]
[-2.04890394 -0.2067344  -1.87462306 -1.46877939 -1.99418479  2.91020122]
[ 3.09519485 -0.16993367  2.12214539 -1.6507195  -0.34479809 -3.05535193]
[ 0.12872889 -1.83201401  1.49920359 -1.37410778  0.61431849  1.63816354]
[ 2.37789057 -2.16456893  0.10530234  0.23205128 -0.41220098 -2.32222341]
[-2.03530853 -0.56108964 -0.33675205  1.47474503  0.1393601   0.92827906]
[ 3.0489924  -2.17781884  2.98886772 -1.04364265 -2.27866358  2.16664677]
[-2.06139137 -1.42257771  2.04561094 -0.84683386  1.71010779 -0.71732851]
[-2.64136508 -2.68402607  0.27266436 -0.29616065 -0.61090548 -2.83306909]
[-2.18070253 -2.59762369 -1.38899984 -2.30350926  2.21259622  0.38746968]
[-2.29573443 -2.01825017 -0.55814121 -0.68717426 -0.99110422  0.9911767 ]
[-0.27017849 -1.557523    2.40403542 -1.2754116   0.2378905  -1.01253448]
[-3.06987495 -2.51046423  2.20265946  1.96885401  2.51458473  2.52130646]
[ 0.84478236 -2.14722919 -2.05583257 -2.45275102  2.51476737 -1.8962522 ]
[ 2.70091372 -1.71061138  0.26388519 -1.77620881  2.95256348  2.18049593]
[ 1.55841863 -0.81626558 -0.27340668 -0.50170965  2.33180851  0.26252472]
[ 2.52743945 -2.2946032  -1.38181589 -1.93723323  2.29352018  2.86240914]
[ 0.92011543 -0.9742139  -0.52381559  0.88781947  1.06295363  1.27750578]
[-0.32445189 -0.84441058 -1.97444631 -1.17923326 -0.57165589  3.03368576]
[ 1.02219241 -2.71895346 -1.93620407  0.84194096 -1.49187559  0.53105062]
[ 0.48235394 -1.49100615 -1.55852924  1.31425755 -2.42431191 -0.87511592]
[-2.872882   -2.06867468 -2.52319453 -2.62209344 -0.505266   -2.01836685]
[ 2.02341383 -0.26981549 -3.01449824  3.12713024 -2.69411389 -2.33297232]
[-2.42708461 -2.02957857 -1.45770887  2.64226472 -2.42716927 -1.77603211]
[-0.86859324 -1.49476473  2.67515903  2.69079581  1.73239538  0.40665645]
[ 2.79818935 -1.6403225  -0.14308113 -2.96593938  0.36615422  1.56568546]
[-0.29935137 -1.24359651  0.39271265 -1.46976527  0.30649998  1.77891814]
[-0.89064151 -2.46450735 -1.56441469 -2.79051082  2.15464929  1.53618043]
[ 1.44744229 -2.40607616 -1.72347491 -2.18372874  1.83818149 -2.73505454]
[ 1.72557087 -2.03687252 -1.54567327 -0.17314727 -0.43697355  1.19848893]
[-0.4048653  -0.82046895  2.73517747 -1.53167466 -2.51121122  1.59890605]
[-2.8021506  -1.89756684  1.26288587  0.80472953 -2.53973568  2.22935253]
[ 2.48399258 -0.78242671  1.94071147  2.57973383  3.11799829 -0.70432043]
[ 2.42543306 -1.6855944   3.10882504  1.44271246  0.29981661  1.95380543]
[-1.26139116 -2.58273217 -2.75277565 -1.17785754 -0.2628956  -1.00120199]
[ 1.60967873 -2.4230061   0.25377627  1.15348903  1.329878   -1.20700231]
[-2.9152657  -2.37691914  1.45163835  1.11135474 -0.31746262 -0.91538607]
[-0.59627146 -0.93326058 -0.89824528  1.28776568 -0.79569467 -2.37069207]
[-1.21523536 -1.10258535  1.45220983 -0.15192169  2.09794192  2.1405442 ]
[ 3.09819244 -1.12918678 -2.16589356  1.21735013 -0.18179501  2.3190399 ]
[-2.19892365 -1.3867374  -1.20520568  2.69749365 -2.95318352 -3.07852936]
[ 2.13937268 -1.87076336 -0.29658932  0.17844426 -1.07241719  1.37463339]
[ 2.11051097 -1.39355981 -2.03055694 -2.69488951  0.27976923 -1.14947587]
[-0.84464871 -0.10925973  2.71362704  1.12411214 -1.77993555 -2.38743588]
[ 1.01934891 -2.88718667  2.56888344 -2.22225456 -3.09866683  1.3311005 ]
[ 2.21926915 -1.55531287  2.90325841  0.1142112   0.85357457 -1.12777922]
[ 2.764954   -2.97564652 -1.94727027  2.96420391 -1.62803441 -1.53929734]
[ 2.62279116 -1.85116274  2.44234196 -0.4675924   1.11927168 -1.37115982]
[-2.7127758  -1.17128458 -2.0896235  -2.71505612  1.00632297 -2.46390762]
[ 2.52287214 -1.15695045  2.86113787 -0.17295075 -0.26382567  1.31000997]
[ 1.39965966 -2.83738677  2.19649787  1.87305715 -1.39722195 -0.29200997]
[ 1.23984342 -1.76922677  0.38514178 -2.7889013  -1.17228664 -0.0415353 ]
[ 0.51564344 -0.12328117 -2.1741763  -3.09506666 -1.67757054 -2.4203536 ]
[-2.08056739 -2.74505864 -1.46431732  1.35846817 -2.49209187 -0.56386082]
[ 2.19626268 -2.73991276  0.00678529  2.97505416  1.99013192 -0.73248806]
[ 0.22085347 -2.58158836  0.92553244 -2.34316216 -2.7459689   1.43772136]
[ 0.96038581 -0.73803136 -1.74372482  1.43878416 -1.16409757  0.68669777]
[ 1.20452422 -2.86230586  2.55596332  0.09216151  2.51243342  0.67145416]
[-2.02008111 -2.16736669  1.92857877  1.92171128  0.64429473  3.01904788]
[-1.13330682 -0.04244259 -1.95513771  1.75671648  2.37021817  0.04622553]
[ 1.12295815 -1.08354183 -2.69950319 -1.36989698 -2.09549904 -0.44855837]
[ 2.06792982 -1.75847674  1.91842906  0.60614661  0.72837802 -1.09428634]
[ 2.1310446  -3.13111327  1.42342491  2.61836797  0.79474398  0.19162743]
[ 0.54149161 -1.47628692 -1.83189873  0.86308221  3.03512701 -2.12650278]
[-0.65345316 -2.06482622  1.34681802  1.26862052 -0.90799427 -0.37461491]
[ 0.13492606 -3.13613256 -1.10583886  1.5210288  -2.70153143  0.54980594]
[-0.29531026 -2.0038188  -0.86855601  1.04563287  1.89083549 -2.07648804]
[ 0.36149768 -2.39310431 -0.76062109 -0.64106033  1.5555822  -1.02012871]
[-1.4691827  -0.02718809  2.47455392 -1.02134508  0.54242954 -0.22127385]
[-1.22646782 -0.82191027 -0.20806428  0.80128648 -0.35908615 -0.5150326 ]
[-2.52890353 -0.8254243   2.00826754  0.09977419  1.33191053 -1.22336471]
[ 2.52698949 -2.73943355  2.99063991 -1.65128601 -3.078585   -1.98074735]
[ 1.11361783 -0.01414581  0.37696398 -2.87685579  0.6354294  -2.94180243]
[ 0.09776675 -1.89259958 -1.78739755 -2.33575005  0.11535068 -0.40316306]
[ 2.5368428  -2.81771331  2.22439324 -0.49454345 -1.54631381  0.55893167]
[ 2.26288426 -1.67192884 -1.97951566 -2.07364964 -1.61839189 -0.58178373]
[-2.49135199 -0.93949735  1.72432904  1.11182416 -0.22127348 -2.14391583]
[-0.66733659 -2.11893682 -1.69773306 -1.17857989 -2.4652761   2.66177955]
[ 0.30751979 -1.3578676   0.46377059 -0.45324857 -1.04072894  2.99950567]
[ 1.20870509 -1.88587208  3.06807633  1.99081401 -0.16822004  1.5619891 ]
[-1.96932755 -2.41859784  0.41584293  1.07031425 -0.86126771  3.12648902]
[-1.63168915 -0.83602928 -1.74684492 -0.34706154 -0.68462692  1.25059163]
[-2.4242733  -0.49612527 -1.53667096 -0.1712092   1.78823377 -0.21205796]
[-2.45548744 -2.71365009 -0.4886245  -1.19490336  1.8331659  -2.52388195]
[-0.36780684 -3.10349742  2.82138665  2.0708733   2.00101864 -2.81054494]
[ 0.11162717 -2.21060368  1.11512614 -1.61357506  0.78958693 -1.74310869]
[ 2.03382859 -1.19010127 -0.61586617  0.54576793 -2.92321401 -1.36070285]
[ 2.57221635 -2.12898438 -2.27890899 -0.00276891 -0.57633313 -0.55056277]
[-0.8911431  -0.14232363  1.92050153 -1.69827696 -0.75288986  1.25273616]
[ 1.23682843 -0.20995624  1.57391883  0.07757182 -1.829505   -2.80527521]
[ 0.16409414 -0.5755403  -1.34918926 -2.13641163  2.76059105  1.57458411]
[-2.08550552 -2.78677505 -2.46968721 -2.92399747  1.03560739 -3.1391155 ]
[-0.73719516 -0.81666117  2.09592948 -1.67562456 -0.6085161  -2.28430403]
[-0.3859751  -1.64662118  1.44710868 -2.76757242 -1.6172778  -1.22038764]
[-2.77041239 -2.91444798  2.28298808 -1.72374077 -2.63144014 -1.94192288]
[-2.96745046 -1.76451071 -2.65881522  2.95905617  2.25474128 -1.41985313]
[-0.61850615 -1.850145   -1.7076756   2.28950596  2.67372283 -2.73566583]
[ 2.63980039 -1.35927729 -2.9390116   0.33161624 -1.54622489  1.12339484]
[ 1.70723242 -0.30184567 -1.70115649 -0.95313942 -0.8961504  -1.59772028]
[-1.06990883 -2.22896364  1.12849362  1.69680456  2.41431674  1.36844782]
[-1.7635087  -1.71777827 -1.71708095  1.87073299  0.44695859 -2.52794783]
[-0.01802397 -2.43036004 -0.7108966  -1.49571014 -2.19388284 -2.64517194]
[-0.3629842  -1.64172477 -1.40018208  2.89931129  0.49282765 -3.02060443]
[ 2.58198784 -1.31867861 -2.69186118  2.63838383  2.94966058 -2.82419841]
[ 0.25478344 -2.85962807 -1.48819715 -0.5208268  -1.61087801  1.97898428]
[-1.13050539 -1.42378581  0.64726552 -1.83282944 -0.59855793  2.77608353]
[-0.10628227 -1.97023567  2.38008451 -1.14950903 -2.81447583  2.01667926]
[-1.47015536 -2.11782486  1.79681171  2.1542934  -1.5758574   1.65395934]
[-1.96000399 -0.00830462  0.16540014  2.02235717 -1.04564343  3.12118417]
[-2.1007011  -2.81290405  2.21575411 -2.63957707  1.08435368  0.91153897]
[ 1.83090147 -1.75087457  2.88942545 -3.10208021 -0.26028518 -0.85434314]
[ 0.48159347 -1.34134331  1.32288342 -0.54812981 -1.97333007  1.66640737]
[ 2.44060517 -0.40962863  1.52830608  0.75378192 -1.54788976 -0.25735943]
[-1.75701862 -1.7544544  -0.96788066  2.07856821  2.10225834 -0.33319812]
[ 0.77664456 -0.179546   -0.7741018   1.77250212 -1.17237931  2.18980371]
[-0.49433926 -1.16231652 -0.4635803  -1.40452522  1.96478459  1.35510272]
[-1.01088438 -2.34580197  2.52948766  1.76359075 -1.57737583 -0.30750258]
[-2.85676264 -0.27259442  2.20156492  0.40878101  2.5270969  -0.51997428]
[ 1.99845626 -1.37526111 -2.24766755 -2.11709343  1.79069807  1.29320082]
[-1.63549662 -2.30316238 -1.74292817  2.72399773 -2.59210849  3.08114581]
[-0.52289697 -1.1297983  -1.808519   -0.45238312  0.00414384 -1.33382853]
[  1.12918082e-01  -1.22369992e+00  -1.20223654e+00   2.79538171e+00  -1.60709276e-03   2.52999159e+00]
[-0.81870679 -0.57540347 -1.06053206 -0.29968525 -0.1325833   2.6521914 ]
[-0.87550835 -0.67237531  1.02772305 -2.33593596 -1.1095313  -2.82243675]
[-0.65892202 -0.48491416  1.41027413  0.78083216 -1.63307597  2.48387902]
[ 0.81565185 -1.77567279  3.11698769 -0.19791655 -2.1256225  -2.38424628]
[ 0.34461297 -2.89981794  1.76162833 -2.45390531 -2.85183216 -1.66798389]
[ 1.89778003 -2.1945317  -0.83087246  2.86174452  0.22280446 -2.32523895]
[-2.75767315 -2.43596598  1.50133197  1.5502324  -2.56866372 -2.26153594]
[ 0.73109577 -2.064116    0.33189689  1.78008146  0.78269906 -2.38726912]
[-0.38128791 -1.25600372 -1.64702244 -2.87187386  1.84597022 -1.56922647]
[-0.97650888 -1.65026851 -2.53770297  1.58298277  0.99251282  2.66203482]
[ 2.82691704 -2.38096942 -0.04785493 -1.25326789 -2.09051361  0.64325212]
[-2.10886716 -1.10789287 -1.61201728 -1.94288043 -2.1764877   1.05449844]
[ 1.98407318 -2.78258073  2.17318587 -2.54269133  2.34330034  0.20926978]
[ 2.94231554 -0.76492774 -0.32806938 -0.8309712   2.58544563  1.06650666]
[ 1.77559692 -1.61810528  0.99851657  2.97540919  1.06796148 -0.79232034]
[ 0.92997392 -0.77310732  1.70161531 -2.12647808  0.31837659 -2.27709106]
[-1.19758433 -1.9920311   2.87245725 -0.15056247  1.64512468 -0.42820775]
[-2.69457356 -1.42378113  1.34527899 -2.17580029 -2.25339044 -2.80974383]
[ 1.71001712 -2.82057642  0.97018073 -2.58799206  0.99144014  2.44445874]
[-1.39373772 -2.17914525  0.44468888 -1.10991039  1.38481508  1.88507282]
[ 1.93379138 -0.03057616  2.16740093 -0.82797873 -0.97260941 -2.95483991]
[ 1.58539643 -1.29282679 -0.3289574  -2.93248121 -0.36065098  1.76805327]
[ 2.60609892 -0.43771665 -0.01120233 -0.19702235 -0.68717863  2.46639131]
[-0.28897094 -0.49845109  1.90528847  0.08188581  0.2925225   1.83593938]
[-0.54375295 -0.9614013   2.80156564 -1.38860775 -2.40214323 -1.35589647]
[-2.78061018 -1.14975356  1.2663928  -1.68958067  2.57270386 -1.86611548]
[ 0.07946943 -0.78426425 -2.8073432   2.84405642 -0.60317926  2.37698318]
[-1.19529804 -1.51576977 -2.62836282 -0.45085343  1.38224872  2.11700518]
[-2.18936942 -1.2005415  -2.61590167  2.47948443  0.87490368  1.59454953]
[ 2.6114483  -1.21497461 -3.11470082  2.09859054 -0.13851369 -2.69779607]
[ 0.02249564 -2.37731756  2.37493329 -1.60992872  0.91297652  2.63974872]
[-2.72691441 -2.7064625  -0.29302383 -0.78109484  0.14513749  2.83872088]
[-1.66180979 -0.75356396  2.56030973  2.79404598  0.9835121  -0.43290293]
[ 1.15194816 -1.74930642  1.39480994  0.56190915 -0.91418497 -0.79479818]
[ 2.31589552 -2.06060926  0.39304723  0.00852064  3.09173448  0.12634049]
[-1.9030049  -2.29834075 -2.26169064  1.62442049  1.08647892 -0.4586289 ]
[ 0.0073302  -2.59198875 -1.27599623 -1.08712489  0.16574165  0.07841232]
[ 1.76543728 -0.78408428 -1.90917369  1.3144716   0.20923611  2.13026988]
[ 1.82228477 -1.15255673  1.76551249 -1.67855856 -1.15868728 -2.99382815]
[-2.89520575 -2.50642943 -2.48191419  0.52430964 -0.14216823  0.13282731]
[ 1.66965093 -0.64388061 -2.29600203 -0.04284269  1.90431313 -0.95258643]
[ 2.44228844 -2.67085185 -2.62159256 -0.50839143  0.34686314 -1.9128437 ]
[-3.1021893  -2.29504721 -2.53390199 -1.33971897  1.92214992  2.84843545]
[ 2.51023364 -1.83426243 -2.9376908   2.36856577  1.24680438  1.94235372]
[-1.67700521 -2.08504221  2.96935891 -2.1188731   0.88375114  2.27600636]
[-2.2345185  -1.74795037 -1.78885549 -2.19114078 -0.77429719  2.05452259]
[ 3.00904922 -1.72321573 -0.63029356 -3.05681239 -0.57524086  0.04362099]
[-2.21507318 -1.0294112  -1.71333894 -0.72939181  1.93841975  0.37117526]
[ 2.05091597 -0.62439206 -0.77228562 -2.86917278 -0.8425289   1.00028771]
[ 1.80817309 -2.05699211 -2.90356145  2.58850127  1.21462141  0.79792386]
[-1.52721947 -0.80376331 -0.62107122  0.8241765  -1.41578169  1.91679268]
[-1.21338416 -1.51488984 -1.82084931  2.8645957   0.61737385  0.26172856]
[ 2.4200478  -3.11262156 -2.55515228 -2.21678629 -0.76592831 -0.67053286]
[-2.48692432 -1.11845887 -2.85942619  1.5361119   1.07368324 -1.85668492]
[ 1.4627214  -0.5253346   0.08700094  1.88448678 -0.66937522 -3.11708934]
[ 2.36426571 -1.71835575 -2.10228959 -0.0102345   2.25813735 -1.05863911]
[ 2.76115483 -0.57491281  2.53164642  3.04629254  3.08680606 -1.8469169 ]
[ 2.57422268 -2.50214634  0.65715839 -0.71879077  0.83917405 -2.32927601]
[-1.44923035 -2.80116899  1.36432521 -1.44803127 -1.24443881 -1.74955751]
[ 1.37915681 -0.22020214  3.09046672 -0.56212447  2.55068125 -3.0808334 ]
[ 1.73168906 -2.40635027 -0.32496956 -2.62491312  0.14624064 -2.69199031]
[ 3.04718946 -2.94385501  1.93272661  1.32864851 -3.13775873  0.53709096]
[ 1.35169761 -1.97905856 -2.58893355 -0.75043008  1.08983368  2.35697956]
[-1.54511179 -3.04285901  2.970475   -3.01228011 -0.43541287 -1.60522053]
[ 0.02695034 -0.53088324  0.6139464   2.57822764 -2.54765436 -1.7465186 ]
[-0.30345827 -0.53547387 -1.28833485 -0.30967569 -0.51263528 -2.31105624]
[-1.66821991 -3.05773023 -2.01025886  1.22743375  2.73686261  2.52767288]
[-0.49293943 -0.140943    2.96877901  0.61973094  1.97386153 -1.50028661]
[-1.72660937 -0.49948426 -1.58070198  1.92393149  1.9153871  -0.27079553]
[-0.43148888 -2.82015336 -2.13667576 -0.12841887 -2.69721782 -1.29430482]
[-3.06208752 -0.09477966 -2.0994715   1.77909121  1.19835773 -1.08302934]
[-0.23572177 -2.74342966  0.45465044  0.63851283  0.65813897  3.1376399 ]
[-1.92742607 -1.52275179 -1.17789594 -2.59278894 -2.11925761  0.97377435]
[-3.01016549 -2.32796233 -2.82671991  0.18707393  1.69744832 -1.58904807]
[-0.42336353 -0.23419402  1.44787699  1.99578835  0.26308584  2.68261868]
[-1.58697912 -0.75108887 -0.05811859  2.62977491 -2.63781603  2.48838656]
[ 1.9716428  -1.04248306  0.81528704  1.29495427 -2.40781433  1.54979013]
[ 3.09567872 -2.87413416  0.64552083 -1.19409256 -2.39882559  2.16341214]
[ 0.9399554  -2.68991666  2.6200989   0.01028018  0.69990667 -2.75037636]
[-0.71381283 -0.61608472 -1.90138958  1.63433571  1.9889244  -0.43129832]
[-1.59375753 -0.85609459 -2.48644825  0.04740585  2.14712125  0.23486529]
[-1.12371757 -0.97263252 -0.78862182  0.15429306 -1.50162861  2.55019241]
[-0.55233237 -2.85154325  2.24873002 -0.98286229 -0.77969539 -1.12497374]
[ 1.59194125 -2.40709655 -2.53592514  1.68302707  1.67490163  2.22710223]
[ 2.8490069  -0.41115397  1.10742199  1.99584062 -1.26983404  0.39147786]
[ 0.60446395 -2.46488744  2.01926887  2.98534121 -2.85962006 -0.54339367]
[-2.07360305 -3.09470113 -0.63323788  0.3893976   2.94006036  2.43375489]
[ 2.39763458 -0.42663077  1.15154875 -1.21068742  1.7126604  -1.00259574]
[-1.21083791 -2.89419132  0.15878892  3.00499628  2.04997634 -1.2160352 ]
[ 0.18405314 -1.60351722 -0.83851357  3.02518727  0.59944644  1.73076002]
[-0.77035959 -2.2393643  -3.05285306  0.80085362  0.9525333   1.13890527]
[ 1.28656875 -3.02314552  1.09728212  1.18731304  0.53686152 -2.05618889]
[ 1.89917434 -1.23094156  2.10808567 -2.85597481 -0.8105074   0.70759114]
[-1.17703179 -0.58386224 -1.71370674  2.4816133   3.1247672   2.63071042]
[-0.08634104 -1.26465748  1.87489605  2.33617793 -2.05814313 -3.1063825 ]
[-0.03625377 -2.86827314  0.58775419  1.65246395 -2.34332382  2.71451757]
[-0.05865448 -0.33507473 -2.82084618  1.43221087 -2.09002896  0.40002005]
[ 1.3961576  -0.8564299   0.29738103  2.70789929  3.01796992  0.35450532]
[ 1.13171585 -2.14263673  1.76591364  1.04455266  1.62199785  0.32832258]
[ 1.20363525 -0.7585247  -2.19709471  2.09564796  2.75052788 -2.19023057]
[ 3.11844971 -1.73895276 -0.92280382 -0.62274113  0.26226159 -0.32713817]
[-3.09111947 -0.53992415  1.70614964  2.1771711   2.50687248 -0.30958288]
[ 2.3979622  -2.38883421 -1.77021139  0.83600024  0.89420511 -2.96852756]
[-1.89734437 -2.55471678 -2.62503953 -0.93783488 -2.5263719  -2.74944372]
[ 0.83403916 -2.56728844 -2.35727382  1.88070346 -1.92340259  1.4459281 ]
[-0.09820723 -0.76257926  2.41075878 -1.40207286 -0.81423774  1.46262923]
[ 1.15677177 -1.82291751 -1.19766441 -1.68917215  0.90208232 -2.07752331]
[-0.09621786 -1.56689757  1.83841322 -2.12094247  2.39846119 -1.13485317]
[-1.61762561 -1.93751256 -0.18035651 -1.38931317 -3.11141452  0.76133392]
[-2.16984339 -1.25759602  0.13545161 -0.43352027 -2.52172631  0.97573312]
[-0.71901291 -2.84642933 -0.56901715 -0.25337163 -3.0345628  -1.25046136]
[-0.31089197 -1.50974624  0.33945309 -0.88788583  1.91568963  1.91401078]
[ 3.11842078 -0.27560104  2.0316994   2.83400993 -1.83904232  0.9370683 ]
[ 1.4541326  -1.03576685  2.92973315 -1.23942513 -2.74225245 -2.23163429]
[ 1.89678706 -1.14976694  2.65185477  1.68201911  1.47292252 -0.18385484]
[-0.23932347 -2.2213606   1.20091596 -0.97685576 -0.61377863  1.36657504]
[ 1.72584359 -1.16730201  1.53184377 -2.88482162 -3.01500839 -2.02594377]
[-2.69156939 -2.36072714  1.60657806 -1.57948554  0.39264743 -0.08512296]
[ 0.1814708  -0.81816668 -1.56443989 -1.04353998 -1.14626738  2.62324347]
[-0.49386034 -3.0553316   3.08483074 -0.74091309 -3.09059689  0.8474764 ]
[ 0.67961984 -2.83839692  1.58453574 -2.00191419 -0.61419778  1.29085773]
[-2.69857456 -0.33195548 -0.67655332 -1.88015791 -1.55876687 -2.22269917]
[-2.03728957 -0.42518468 -0.99503521  2.35294569  2.29517862 -0.68011607]
[ 1.06452746 -1.03573207  2.31193805 -2.41944555 -0.48577314 -1.83567287]
[-1.82136048 -0.05830037 -2.85519286  1.2714538  -2.16252028 -0.12038319]
[ 2.57932589 -1.78595971 -0.92564427  2.90434578 -2.62448358  0.40178489]
[-0.87850292 -2.84794837  0.63204161 -1.53504461  1.74868272 -0.08842228]
[-2.27770429 -1.98803652 -1.00155609  2.81662866 -0.2387685  -3.09648128]
[ 1.15714157 -1.62106822  1.66913536  1.16663028  0.39472481  1.80913981]
[ 0.45353313 -1.74698632  0.88810269  2.11274576 -1.45268662  1.43307028]
[ 0.69287031 -2.63950253 -3.05200714  1.0649444  -1.13195508 -2.25248056]
[ 0.94751448 -2.20848743  2.73262395  3.04342087  2.25066313 -1.74758237]
[ 2.40661081 -2.69302741 -1.85642296  0.05095742  0.95630751 -2.16993772]
[-2.78410551 -0.01558204  0.47104035  2.65180209  2.61068402 -1.2806592 ]
[-2.77218936 -2.98526616 -2.11980187 -1.84875219  1.27802345 -1.7546119 ]
[ 1.47808629 -1.20963787 -2.70012494 -0.57544894  1.77335432  2.55126415]
[-2.14483267 -1.52246849  1.14795129 -0.25753349  0.65180479 -2.74504579]
[-0.94616172 -0.10700544  2.2595425   1.37326687  2.56111606 -0.04568578]
[ 2.12048416 -1.13095514  1.11115202 -2.54745403  2.79196004 -1.33924515]
[ 0.66253478 -0.23056443 -2.01351487  2.63575904 -1.90846024 -0.06060995]
[-2.92782011 -2.28558932  2.57088424 -0.31318677 -0.73728613 -1.21253534]
[-2.98241823 -0.3458696  -1.155719    1.27228183  2.56099474  1.13606084]
[ 2.63226463 -0.51865578  1.51664013  0.25242162 -0.63119921  3.13663961]
[-2.64796899 -2.44108551  2.73846574  2.38322209  2.54622444  3.04259136]
[ 1.52379011 -2.07354194 -1.56367784  3.10489405  0.89706952  1.43846842]
[ 2.83740796 -1.76892112 -2.20405562 -0.21749498 -2.62109951 -1.15219785]
[ 0.26212125 -1.56110598 -0.53573184  0.12902981 -0.42101248  2.75651107]
[-2.74789293 -2.37174037 -0.84301139  0.2772826  -0.39914274  1.3186316 ]
[-0.85646518 -2.17310888 -1.94458643 -1.67419572  2.52346638 -1.39022164]
[ 0.46774174 -0.23000398  0.76581371 -0.72985198 -3.01496929 -1.57112811]
[-2.62079377 -0.20531511  1.2275552  -2.60045905 -0.33159126  0.75092117]
[-2.89930511 -3.05388063 -2.36721168  0.17767181  1.55448512  0.87835832]
[ 0.97138645 -1.85546845  0.80851409  2.96560913  1.7274936  -1.0865367 ]
[ 1.96085606 -2.03567484 -0.00733645  0.44867505 -0.83127341 -0.72585868]
[ 1.09601636 -0.82744702  1.30397964  1.3059426  -1.36927535  2.60106178]
[ 1.52346802 -1.48246499  1.3452697  -3.12631884  2.4316445   0.02130896]
[-0.27100999 -2.65295222 -0.16391409 -2.97245718  2.7137646   1.60857854]
[-0.44373511 -2.8958775  -1.80306233 -0.23940371 -0.27326699  1.88743129]
[-2.76279332 -1.05425089  1.81238676 -2.25861702 -0.12224012 -0.80005499]
[ 0.22431068 -2.13206607 -2.97407093  2.43432815 -1.34096086 -1.99146086]
[-2.89165296 -2.60724724  1.32572386  2.61162567  0.22798869 -0.10569793]
[ 1.10924019 -2.70122816  1.31723258 -2.59498165 -2.54401197 -2.95448498]
[ 2.66565482 -2.55353857  2.80183776 -0.73946638  1.00367322 -2.55372002]
[ 2.09274306 -1.58603282  0.44769331  0.1886046   1.60085205 -0.37203877]
[ 1.62363474 -1.40183778 -3.06805297  1.00151455 -0.76189755  0.66558149]
[-1.32250657 -1.66814958 -2.99493792 -0.47597981 -0.55901569 -2.59286801]
[ 1.78952695 -0.55902079  0.05003863 -2.60529529  1.47332532 -1.98393374]
[ 0.89980065 -2.94936846  0.29440316 -0.84525254 -0.27150538  1.09212255]
[ 2.17841922 -0.93820653 -1.52861223  3.11279552  0.98880427  0.45998302]
[ 2.10233706 -0.44309615  0.940707   -1.62092319  2.82823789 -0.50529664]
[ 2.34745199 -1.58888146 -0.80704096 -0.64366934 -2.38153374 -0.28973657]
